Produced by "The Resistance", Tue Jun 18 20:05:38 2019
---------------------------------------------------------
Parameters: b = 3, l = 1, level = 2, crosswires = 9
---------------------------------------------------------
y	x	potential
1	0	0
2	0	0
3	0	0
4	0	0
5	0	0
6	0	0
7	0	0
8	0	0
9	0	0
11	0	0
12	0	0
13	0	0
14	0	0
15	0	0
16	0	0
17	0	0
18	0	0
19	0	0
21	0	0
22	0	0
23	0	0
24	0	0
25	0	0
26	0	0
27	0	0
28	0	0
29	0	0
31	0	0
32	0	0
33	0	0
34	0	0
35	0	0
36	0	0
37	0	0
38	0	0
39	0	0
41	0	0
42	0	0
43	0	0
44	0	0
45	0	0
46	0	0
47	0	0
48	0	0
49	0	0
51	0	0
52	0	0
53	0	0
54	0	0
55	0	0
56	0	0
57	0	0
58	0	0
59	0	0
61	0	0
62	0	0
63	0	0
64	0	0
65	0	0
66	0	0
67	0	0
68	0	0
69	0	0
71	0	0
72	0	0
73	0	0
74	0	0
75	0	0
76	0	0
77	0	0
78	0	0
79	0	0
81	0	0
82	0	0
83	0	0
84	0	0
85	0	0
86	0	0
87	0	0
88	0	0
89	0	0
1	90	1
2	90	1
3	90	1
4	90	1
5	90	1
6	90	1
7	90	1
8	90	1
9	90	1
11	90	1
12	90	1
13	90	1
14	90	1
15	90	1
16	90	1
17	90	1
18	90	1
19	90	1
21	90	1
22	90	1
23	90	1
24	90	1
25	90	1
26	90	1
27	90	1
28	90	1
29	90	1
31	90	1
32	90	1
33	90	1
34	90	1
35	90	1
36	90	1
37	90	1
38	90	1
39	90	1
41	90	1
42	90	1
43	90	1
44	90	1
45	90	1
46	90	1
47	90	1
48	90	1
49	90	1
51	90	1
52	90	1
53	90	1
54	90	1
55	90	1
56	90	1
57	90	1
58	90	1
59	90	1
61	90	1
62	90	1
63	90	1
64	90	1
65	90	1
66	90	1
67	90	1
68	90	1
69	90	1
71	90	1
72	90	1
73	90	1
74	90	1
75	90	1
76	90	1
77	90	1
78	90	1
79	90	1
81	90	1
82	90	1
83	90	1
84	90	1
85	90	1
86	90	1
87	90	1
88	90	1
89	90	1
1	1	0.00913677
1	2	0.0183233
0	1	0.00913677
2	1	0.00908701
2	2	0.0182245
3	1	0.00898679
3	2	0.0180251
4	1	0.00883501
4	2	0.0177224
5	1	0.00863088
5	2	0.0173136
6	1	0.00837495
6	2	0.0167984
7	1	0.00807054
7	2	0.0161819
8	1	0.00772529
8	2	0.0154782
9	1	0.00735238
9	2	0.0147136
10	1	0.00697068
11	1	0.00658898
11	2	0.0131408
12	1	0.00624445
12	2	0.012431
13	1	0.00595781
13	2	0.0118418
14	1	0.00574499
14	2	0.0114063
15	1	0.0056159
15	2	0.0111446
16	1	0.00557401
16	2	0.0110637
17	1	0.0056164
17	2	0.0111575
18	1	0.00573411
18	2	0.0114073
19	1	0.00591268
19	2	0.0117831
20	1	0.00613354
21	1	0.0063544
21	2	0.0127077
22	1	0.00657641
22	2	0.0131687
23	1	0.00678252
23	2	0.0135931
24	1	0.0069606
24	2	0.0139565
25	1	0.00710336
25	2	0.0142454
26	1	0.00720747
26	2	0.0144543
27	1	0.00727226
27	2	0.014583
28	1	0.00729853
28	2	0.0146341
29	1	0.00728771
29	2	0.0146111
30	1	0.00724121
31	1	0.00719472
31	2	0.0144229
32	1	0.00711473
32	2	0.0142623
33	1	0.00700187
33	2	0.0140363
34	1	0.00685651
34	2	0.013745
35	1	0.00667917
35	2	0.0133889
36	1	0.00647127
36	2	0.0129698
37	1	0.00623612
37	2	0.0124932
38	1	0.00598004
38	2	0.0119709
39	1	0.00571319
39	2	0.011423
40	1	0.00544972
41	1	0.00518624
41	2	0.0103351
42	1	0.00496014
42	2	0.00986761
43	1	0.00478672
43	2	0.00950897
44	1	0.00467778
44	2	0.00928375
45	1	0.00464064
45	2	0.009207
46	1	0.00467778
46	2	0.00928375
47	1	0.00478672
47	2	0.00950897
48	1	0.00496014
48	2	0.00986761
49	1	0.00518624
49	2	0.0103351
50	1	0.00544972
51	1	0.00571319
51	2	0.011423
52	1	0.00598004
52	2	0.0119709
53	1	0.00623612
53	2	0.0124932
54	1	0.00647127
54	2	0.0129698
55	1	0.00667917
55	2	0.0133889
56	1	0.00685651
56	2	0.013745
57	1	0.00700187
57	2	0.0140363
58	1	0.00711473
58	2	0.0142623
59	1	0.00719472
59	2	0.0144229
60	1	0.00724121
61	1	0.00728771
61	2	0.0146111
62	1	0.00729853
62	2	0.0146341
63	1	0.00727226
63	2	0.014583
64	1	0.00720747
64	2	0.0144543
65	1	0.00710336
65	2	0.0142454
66	1	0.0069606
66	2	0.0139565
67	1	0.00678252
67	2	0.0135931
68	1	0.00657641
68	2	0.0131687
69	1	0.0063544
69	2	0.0127077
70	1	0.00613354
71	1	0.00591268
71	2	0.0117831
72	1	0.00573411
72	2	0.0114073
73	1	0.0056164
73	2	0.0111575
74	1	0.00557401
74	2	0.0110637
75	1	0.0056159
75	2	0.0111446
76	1	0.00574499
76	2	0.0114063
77	1	0.00595781
77	2	0.0118418
78	1	0.00624445
78	2	0.012431
79	1	0.00658898
79	2	0.0131408
80	1	0.00697068
81	1	0.00735238
81	2	0.0147136
82	1	0.00772529
82	2	0.0154782
83	1	0.00807054
83	2	0.0161819
84	1	0.00837495
84	2	0.0167984
85	1	0.00863088
85	2	0.0173136
86	1	0.00883501
86	2	0.0177224
87	1	0.00898679
87	2	0.0180251
88	1	0.00908701
88	2	0.0182245
89	1	0.00913677
89	2	0.0183233
90	1	0.00913677
89	3	0.0276086
90	2	0.0183233
88	3	0.0274625
87	3	0.0271669
86	3	0.0267158
85	3	0.0261026
84	3	0.0253231
83	3	0.0243805
82	3	0.0232922
81	3	0.0220964
80	2	0.0139272
79	3	0.0196159
78	3	0.0184971
77	3	0.0175721
76	3	0.0168936
75	3	0.0164926
74	3	0.0163788
73	3	0.0165425
72	3	0.0169547
71	3	0.0175669
70	2	0.0122454
69	3	0.0190621
68	3	0.0197977
67	3	0.0204646
66	3	0.0210269
65	3	0.0214674
64	3	0.0217812
63	3	0.0219714
62	3	0.0220439
61	3	0.0220055
60	2	0.014517
59	3	0.0217177
58	3	0.0214754
57	3	0.0211358
56	3	0.0206984
55	3	0.0201616
54	3	0.0195258
53	3	0.018796
52	3	0.0179872
51	3	0.0171289
50	2	0.0108791
49	3	0.0154075
48	3	0.0146662
47	3	0.0140978
46	3	0.0137413
45	3	0.0136199
44	3	0.0137413
43	3	0.0140978
42	3	0.0146662
41	3	0.0154075
40	2	0.0108791
39	3	0.0171289
38	3	0.0179872
37	3	0.018796
36	3	0.0195258
35	3	0.0201616
34	3	0.0206984
33	3	0.0211358
32	3	0.0214754
31	3	0.0217177
30	2	0.014517
29	3	0.0220055
28	3	0.0220439
27	3	0.0219714
26	3	0.0217812
25	3	0.0214674
24	3	0.0210269
23	3	0.0204646
22	3	0.0197977
21	3	0.0190621
20	2	0.0122454
19	3	0.0175669
18	3	0.0169547
17	3	0.0165425
16	3	0.0163788
15	3	0.0164926
14	3	0.0168936
13	3	0.0175721
12	3	0.0184971
11	3	0.0196159
10	2	0.0139272
9	3	0.0220964
8	3	0.0232922
7	3	0.0243805
6	3	0.0253231
5	3	0.0261026
4	3	0.0267158
3	3	0.0271669
2	3	0.0274625
1	3	0.0276086
0	2	0.0183233
1	4	0.0370401
0	3	0.0276086
2	4	0.03685
3	4	0.0364641
4	4	0.0358713
5	4	0.035058
6	4	0.0340109
7	4	0.0327249
8	4	0.0312137
9	4	0.0295238
10	3	0.0208562
11	4	0.0259696
12	4	0.0243694
13	4	0.0230559
14	4	0.0221036
15	4	0.0215532
16	4	0.0214163
17	4	0.0216791
18	4	0.0223018
19	4	0.0232155
20	3	0.0183145
21	4	0.0254286
22	4	0.0264955
23	4	0.0274406
24	4	0.0282193
25	4	0.0288159
26	4	0.0292319
27	4	0.0294774
28	4	0.0295647
29	4	0.0295054
30	3	0.0218616
31	4	0.0291109
32	4	0.0287856
33	4	0.0283333
34	4	0.027751
35	4	0.0270335
36	4	0.0261757
37	4	0.0251778
38	4	0.0240529
39	4	0.0228374
40	3	0.0162682
41	4	0.0203604
42	4	0.0192921
43	4	0.0184747
44	4	0.0179636
45	4	0.01779
46	4	0.0179636
47	4	0.0184747
48	4	0.0192921
49	4	0.0203604
50	3	0.0162682
51	4	0.0228374
52	4	0.0240529
53	4	0.0251778
54	4	0.0261757
55	4	0.0270335
56	4	0.027751
57	4	0.0283333
58	4	0.0287856
59	4	0.0291109
60	3	0.0218616
61	4	0.0295054
62	4	0.0295647
63	4	0.0294774
64	4	0.0292319
65	4	0.0288159
66	4	0.0282193
67	4	0.0274406
68	4	0.0264955
69	4	0.0254286
70	3	0.0183145
71	4	0.0232155
72	4	0.0223018
73	4	0.0216791
74	4	0.0214163
75	4	0.0215532
76	4	0.0221036
77	4	0.0230559
78	4	0.0243694
79	4	0.0259696
80	3	0.0208562
81	4	0.0295238
82	4	0.0312137
83	4	0.0327249
84	4	0.0340109
85	4	0.035058
86	4	0.0358713
87	4	0.0364641
88	4	0.03685
89	4	0.0370401
90	3	0.0276086
89	5	0.0466616
90	4	0.0370401
88	5	0.0464334
87	5	0.045968
86	5	0.0452476
85	5	0.044247
84	5	0.0429375
83	5	0.0412945
82	5	0.0393137
81	5	0.0370384
80	4	0.0277467
79	5	0.0321463
78	5	0.0299549
77	5	0.0281784
76	5	0.0269118
75	5	0.0262003
74	5	0.0260541
73	5	0.0264559
72	5	0.0273581
71	5	0.0286711
70	4	0.024322
69	5	0.0318347
68	5	0.0333152
67	5	0.034583
66	5	0.0355938
65	5	0.0363449
64	5	0.0368532
63	5	0.0371415
62	5	0.0372321
61	5	0.0371433
60	4	0.0293081
59	5	0.036632
58	5	0.036223
57	5	0.0356607
56	5	0.0349389
55	5	0.0340456
54	5	0.0329657
53	5	0.0316866
52	5	0.0302094
51	5	0.0285688
50	4	0.0215989
49	5	0.0251431
48	5	0.0236671
47	5	0.0225452
46	5	0.0218485
45	5	0.0216128
44	5	0.0218485
43	5	0.0225452
42	5	0.0236671
41	5	0.0251431
40	4	0.0215989
39	5	0.0285688
38	5	0.0302094
37	5	0.0316866
36	5	0.0329657
35	5	0.0340456
34	5	0.0349389
33	5	0.0356607
32	5	0.036223
31	5	0.036632
30	4	0.0293081
29	5	0.0371433
28	5	0.0372321
27	5	0.0371415
26	5	0.0368532
25	5	0.0363449
24	5	0.0355938
23	5	0.034583
22	5	0.0333152
21	5	0.0318347
20	4	0.024322
19	5	0.0286711
18	5	0.0273581
17	5	0.0264559
16	5	0.0260541
15	5	0.0262003
14	5	0.0269118
13	5	0.0281784
12	5	0.0299549
11	5	0.0321463
10	4	0.0277467
9	5	0.0370384
8	5	0.0393137
7	5	0.0412945
6	5	0.0429375
5	5	0.044247
4	5	0.0452476
3	5	0.045968
2	5	0.0464334
1	5	0.0466616
0	4	0.0370401
1	6	0.0565113
0	5	0.0466616
2	6	0.0562541
3	6	0.055727
4	6	0.0549039
5	6	0.053745
6	6	0.0521977
7	6	0.0502019
8	6	0.0477083
9	6	0.0447238
10	5	0.0345924
11	6	0.0380683
12	6	0.0351257
13	6	0.0327909
14	6	0.031165
15	6	0.0302821
16	6	0.0301438
17	6	0.0307324
18	6	0.0320034
19	6	0.0338581
20	5	0.0302529
21	6	0.0383419
22	6	0.0403477
23	6	0.0419822
24	6	0.0432279
25	6	0.0441169
26	6	0.0446944
27	6	0.0450034
28	6	0.0450791
29	6	0.0449478
30	5	0.0368876
31	6	0.0443065
32	6	0.0438136
33	6	0.0431477
34	6	0.0422982
35	6	0.0412442
36	6	0.0399549
37	6	0.0383933
38	6	0.0365294
39	6	0.0343723
40	5	0.0268559
41	6	0.0296889
42	6	0.0276881
43	6	0.0261904
44	6	0.0252725
45	6	0.0249642
46	6	0.0252725
47	6	0.0261904
48	6	0.0276881
49	6	0.0296889
50	5	0.0268559
51	6	0.0343723
52	6	0.0365294
53	6	0.0383933
54	6	0.0399549
55	6	0.0412442
56	6	0.0422982
57	6	0.0431477
58	6	0.0438136
59	6	0.0443065
60	5	0.0368876
61	6	0.0449478
62	6	0.0450791
63	6	0.0450034
64	6	0.0446944
65	6	0.0441169
66	6	0.0432279
67	6	0.0419822
68	6	0.0403477
69	6	0.0383419
70	5	0.0302529
71	6	0.0338581
72	6	0.0320034
73	6	0.0307324
74	6	0.0301438
75	6	0.0302821
76	6	0.031165
77	6	0.0327909
78	6	0.0351257
79	6	0.0380683
80	5	0.0345924
81	6	0.0447238
82	6	0.0477083
83	6	0.0502019
84	6	0.0521977
85	6	0.053745
86	6	0.0549039
87	6	0.055727
88	6	0.0562541
89	6	0.0565113
90	5	0.0466616
89	7	0.0666182
90	6	0.0565113
88	7	0.0663448
87	7	0.065782
86	7	0.0648959
85	7	0.0636314
84	7	0.0619064
83	7	0.059607
82	7	0.0565937
81	7	0.0527526
80	6	0.0413961
79	7	0.0436051
78	7	0.0396889
77	7	0.0366943
76	7	0.0346753
75	7	0.0336193
74	7	0.0335067
73	7	0.0343264
72	7	0.0360649
71	7	0.0386579
70	6	0.0361
69	7	0.0450853
68	7	0.0477514
67	7	0.0497704
66	7	0.0512187
65	7	0.0522002
64	7	0.0528042
63	7	0.0530986
62	7	0.0531329
61	7	0.0529419
60	6	0.0446272
59	7	0.0521533
58	7	0.0515772
57	7	0.0508182
56	7	0.0498621
55	7	0.0486783
54	7	0.0472164
53	7	0.0454024
52	7	0.0431427
51	7	0.0403604
50	6	0.0320306
49	7	0.0338938
48	7	0.031206
47	7	0.0292558
46	7	0.0280871
45	7	0.0276988
44	7	0.0280871
43	7	0.0292558
42	7	0.031206
41	7	0.0338938
40	6	0.0320306
39	7	0.0403604
38	7	0.0431427
37	7	0.0454024
36	7	0.0472164
35	7	0.0486783
34	7	0.0498621
33	7	0.0508182
32	7	0.0515772
31	7	0.0521533
30	6	0.0446272
29	7	0.0529419
28	7	0.0531329
27	7	0.0530986
26	7	0.0528042
25	7	0.0522002
24	7	0.0512187
23	7	0.0497704
22	7	0.0477514
21	7	0.0450853
20	6	0.0361
19	7	0.0386579
18	7	0.0360649
17	7	0.0343264
16	7	0.0335067
15	7	0.0336193
14	7	0.0346753
13	7	0.0366943
12	7	0.0396889
11	7	0.0436051
10	6	0.0413961
9	7	0.0527526
8	7	0.0565937
7	7	0.059607
6	7	0.0619064
5	7	0.0636314
4	7	0.0648959
3	7	0.065782
2	7	0.0663448
1	7	0.0666182
0	6	0.0565113
1	8	0.0769985
0	7	0.0666182
2	8	0.0767248
3	8	0.0761601
4	8	0.0752664
5	8	0.0739784
6	8	0.0721895
7	8	0.069726
8	8	0.066307
9	8	0.0615139
10	7	0.0481788
11	8	0.0484844
12	8	0.0433302
13	8	0.0396223
14	8	0.0372225
15	8	0.036013
16	8	0.0359371
17	8	0.0370017
18	8	0.0392721
19	8	0.0428369
20	7	0.0418716
21	8	0.0523764
22	8	0.0558021
23	8	0.0581294
24	8	0.0596763
25	8	0.0606612
26	8	0.0612236
27	8	0.0614538
28	8	0.0614121
29	8	0.0611391
30	7	0.0525476
31	8	0.0601819
32	8	0.0595237
33	8	0.058686
34	8	0.0576535
35	8	0.0563903
36	8	0.0548301
37	8	0.0528573
38	8	0.0502784
39	8	0.0467996
40	7	0.0371271
41	8	0.0375532
42	8	0.0339862
43	8	0.0315397
44	8	0.0301211
45	8	0.0296568
46	8	0.0301211
47	8	0.0315397
48	8	0.0339862
49	8	0.0375532
50	7	0.0371271
51	8	0.0467996
52	8	0.0502784
53	8	0.0528573
54	8	0.0548301
55	8	0.0563903
56	8	0.0576535
57	8	0.058686
58	8	0.0595237
59	8	0.0601819
60	7	0.0525476
61	8	0.0611391
62	8	0.0614121
63	8	0.0614538
64	8	0.0612236
65	8	0.0606612
66	8	0.0596763
67	8	0.0581294
68	8	0.0558021
69	8	0.0523764
70	7	0.0418716
71	8	0.0428369
72	8	0.0392721
73	8	0.0370017
74	8	0.0359371
75	8	0.036013
76	8	0.0372225
77	8	0.0396223
78	8	0.0433302
79	8	0.0484844
80	7	0.0481788
81	8	0.0615139
82	8	0.066307
83	8	0.069726
84	8	0.0721895
85	8	0.0739784
86	8	0.0752664
87	8	0.0761601
88	8	0.0767248
89	8	0.0769985
90	7	0.0666182
89	9	0.0876524
90	8	0.0769985
88	9	0.087396
87	9	0.0868672
86	9	0.0860312
85	9	0.0848264
84	9	0.083147
83	9	0.0808005
82	9	0.0773944
81	9	0.0719969
80	8	0.0549992
79	9	0.0520033
78	9	0.0455253
77	9	0.0412423
76	9	0.0385793
75	9	0.0372732
74	9	0.0372272
73	9	0.0384712
72	9	0.0411848
71	9	0.045811
70	8	0.0476067
69	9	0.0610116
68	9	0.0649512
67	9	0.0672688
66	9	0.0686957
65	9	0.0695447
64	9	0.0699751
63	9	0.0700808
62	9	0.0699227
61	9	0.0695419
60	8	0.0606605
59	9	0.06839
58	9	0.0676497
57	9	0.0667486
56	9	0.0656756
55	9	0.0643995
54	9	0.0628563
53	9	0.0609185
52	9	0.0583138
51	9	0.0543833
50	8	0.0421764
49	9	0.0401564
48	9	0.0356461
47	9	0.0327956
46	9	0.031201
45	9	0.0306863
44	9	0.031201
43	9	0.0327956
42	9	0.0356461
41	9	0.0401564
40	8	0.0421764
39	9	0.0543833
38	9	0.0583138
37	9	0.0609185
36	9	0.0628563
35	9	0.0643995
34	9	0.0656756
33	9	0.0667486
32	9	0.0676497
31	9	0.06839
30	8	0.0606605
29	9	0.0695419
28	9	0.0699227
27	9	0.0700808
26	9	0.0699751
25	9	0.0695447
24	9	0.0686957
23	9	0.0672688
22	9	0.0649512
21	9	0.0610116
20	8	0.0476067
19	9	0.045811
18	9	0.0411848
17	9	0.0384712
16	9	0.0372272
15	9	0.0372732
14	9	0.0385793
13	9	0.0412423
12	9	0.0455253
11	9	0.0520033
10	8	0.0549992
9	9	0.0719969
8	9	0.0773944
7	9	0.0808005
6	9	0.083147
5	9	0.0848264
4	9	0.0860312
3	9	0.0868672
2	9	0.087396
1	9	0.0876524
0	8	0.0769985
1	10	0.0985627
0	9	0.0876524
2	10	0.0983395
3	10	0.0978816
4	10	0.0971648
5	10	0.096149
6	10	0.0947717
7	10	0.0929346
8	10	0.0904731
9	10	0.0870792
10	9	0.0620001
11	10	0.0520033
12	10	0.0455253
13	10	0.0412423
14	10	0.0385793
15	10	0.0372732
16	10	0.0372272
17	10	0.0384712
18	10	0.0411848
19	10	0.045811
20	9	0.0534113
21	10	0.0733074
22	10	0.0757222
23	10	0.077299
24	10	0.0782931
25	10	0.0788467
26	10	0.0790514
27	10	0.0789717
28	10	0.0786558
29	10	0.07814
30	9	0.068966
31	10	0.0767624
32	10	0.0759367
33	10	0.0749831
34	10	0.0739007
35	10	0.0726757
36	10	0.0712771
37	10	0.0696464
38	10	0.0676752
39	10	0.0651499
40	9	0.0472698
41	10	0.0401564
42	10	0.0356461
43	10	0.0327956
44	10	0.031201
45	10	0.0306863
46	10	0.031201
47	10	0.0327956
48	10	0.0356461
49	10	0.0401564
50	9	0.0472698
51	10	0.0651499
52	10	0.0676752
53	10	0.0696464
54	10	0.0712771
55	10	0.0726757
56	10	0.0739007
57	10	0.0749831
58	10	0.0759367
59	10	0.0767624
60	9	0.068966
61	10	0.07814
62	10	0.0786558
63	10	0.0789717
64	10	0.0790514
65	10	0.0788467
66	10	0.0782931
67	10	0.077299
68	10	0.0757222
69	10	0.0733074
70	9	0.0534113
71	10	0.045811
72	10	0.0411848
73	10	0.0384712
74	10	0.0372272
75	10	0.0372732
76	10	0.0385793
77	10	0.0412423
78	10	0.0455253
79	10	0.0520033
80	9	0.0620001
81	10	0.0870792
82	10	0.0904731
83	10	0.0929346
84	10	0.0947717
85	10	0.096149
86	10	0.0971648
87	10	0.0978816
88	10	0.0983395
89	10	0.0985627
90	9	0.0876524
89	11	0.109473
89	12	0.120573
88	11	0.109283
90	11	0.109473
88	12	0.120423
87	11	0.108896
87	12	0.120121
86	11	0.108298
86	12	0.119661
85	11	0.107472
85	12	0.119043
84	11	0.106396
84	12	0.118273
83	11	0.105069
83	12	0.117392
82	11	0.103552
82	12	0.116504
81	11	0.102161
81	12	0.115853
80	11	0.102161
81	13	0.128894
80	12	0.115853
82	13	0.12922
83	13	0.129721
84	13	0.130263
85	13	0.130764
86	13	0.131183
87	13	0.131503
88	13	0.131717
89	13	0.131824
90	12	0.120573
89	14	0.14318
90	13	0.131824
88	14	0.143117
87	14	0.142991
86	14	0.142805
85	14	0.142568
84	14	0.142293
83	14	0.142009
82	14	0.141761
81	14	0.141609
80	13	0.128894
81	15	0.154173
80	14	0.141609
82	15	0.154205
83	15	0.154261
84	15	0.154333
85	15	0.154408
86	15	0.154479
87	15	0.154538
88	15	0.154579
89	15	0.154601
90	14	0.14318
89	16	0.166043
90	15	0.154601
88	16	0.166062
87	16	0.166102
86	16	0.166165
85	16	0.166254
84	16	0.166368
83	16	0.166499
82	16	0.166624
81	16	0.166705
80	15	0.154173
81	17	0.179317
80	16	0.166705
82	17	0.179086
83	17	0.178743
84	17	0.178387
85	17	0.178074
86	17	0.177824
87	17	0.177642
88	17	0.177524
89	17	0.177467
90	16	0.166043
89	18	0.188833
90	17	0.177467
88	18	0.188926
87	18	0.189118
86	18	0.189416
85	18	0.18983
84	18	0.190364
83	18	0.191
82	18	0.191661
81	18	0.192161
80	17	0.179317
81	19	0.205505
80	18	0.192161
82	19	0.204398
83	19	0.203229
84	19	0.202241
85	19	0.201467
86	19	0.200891
87	19	0.200487
88	19	0.20023
89	19	0.200106
90	18	0.188833
89	20	0.211255
90	19	0.200106
88	20	0.211402
87	20	0.211707
86	20	0.212195
85	20	0.212906
84	20	0.213902
83	20	0.215279
82	20	0.217197
81	20	0.219955
80	19	0.205505
81	21	0.234406
81	22	0.244771
80	21	0.242902
82	21	0.229996
82	22	0.241052
83	21	0.227328
83	22	0.238475
84	21	0.225563
84	22	0.236677
85	21	0.224345
85	22	0.235412
86	21	0.223499
86	22	0.234529
87	21	0.222928
87	22	0.233931
88	21	0.222574
88	22	0.233561
89	21	0.222404
89	22	0.233384
90	21	0.222404
89	23	0.244186
90	22	0.233384
88	23	0.244355
87	23	0.244707
86	23	0.245273
85	23	0.246099
84	23	0.247256
83	23	0.248841
82	23	0.250968
81	23	0.25372
80	22	0.249905
79	22	0.255039
79	21	0.251398
79	23	0.260231
78	22	0.258623
78	21	0.256252
78	23	0.262634
77	22	0.260566
77	21	0.258735
77	23	0.263918
76	22	0.260989
76	21	0.259387
76	23	0.264018
75	22	0.259983
75	21	0.258438
75	23	0.26293
74	22	0.257573
74	21	0.255945
74	23	0.260651
73	22	0.253714
73	21	0.251824
73	23	0.257166
72	22	0.248293
72	21	0.245813
72	23	0.252468
71	22	0.241175
71	21	0.237323
71	23	0.246617
70	22	0.232469
69	22	0.223763
69	21	0.212638
69	23	0.233169
68	22	0.216774
68	21	0.205249
68	23	0.227032
67	22	0.211053
67	21	0.199807
67	23	0.221537
66	22	0.206095
66	21	0.195246
66	23	0.216517
65	22	0.201565
65	21	0.19112
65	23	0.211783
64	22	0.197261
64	21	0.18722
64	23	0.207188
63	22	0.193071
63	21	0.183444
63	23	0.202633
62	22	0.188945
62	21	0.179751
62	23	0.198074
61	22	0.184883
61	21	0.176141
61	23	0.193518
60	22	0.18093
59	22	0.176977
59	21	0.169159
59	23	0.184535
58	22	0.173283
58	21	0.165906
58	23	0.180318
57	22	0.169929
57	21	0.162959
57	23	0.176479
56	22	0.166997
56	21	0.160387
56	23	0.173109
55	22	0.164563
55	21	0.158264
55	23	0.170285
54	22	0.162704
54	21	0.156671
54	23	0.168069
53	22	0.161514
53	21	0.155715
53	23	0.166521
52	22	0.161117
52	21	0.155582
52	23	0.165695
51	22	0.161676
51	21	0.156669
51	23	0.165617
50	22	0.1633
49	22	0.164925
49	21	0.163439
49	23	0.166808
48	22	0.16615
48	21	0.165339
48	23	0.167389
47	22	0.166948
47	21	0.166429
47	23	0.167824
46	22	0.167391
46	21	0.166999
46	23	0.168084
45	22	0.167532
45	21	0.167176
45	23	0.168169
44	22	0.167391
44	21	0.166999
44	23	0.168084
43	22	0.166948
43	21	0.166429
43	23	0.167824
42	22	0.16615
42	21	0.165339
42	23	0.167389
41	22	0.164925
41	21	0.163439
41	23	0.166808
40	22	0.1633
39	22	0.161676
39	21	0.156669
39	23	0.165617
38	22	0.161117
38	21	0.155582
38	23	0.165695
37	22	0.161514
37	21	0.155715
37	23	0.166521
36	22	0.162704
36	21	0.156671
36	23	0.168069
35	22	0.164563
35	21	0.158264
35	23	0.170285
34	22	0.166997
34	21	0.160387
34	23	0.173109
33	22	0.169929
33	21	0.162959
33	23	0.176479
32	22	0.173283
32	21	0.165906
32	23	0.180318
31	22	0.176977
31	21	0.169159
31	23	0.184535
30	22	0.18093
29	22	0.184883
29	21	0.176141
29	23	0.193518
28	22	0.188945
28	21	0.179751
28	23	0.198074
27	22	0.193071
27	21	0.183444
27	23	0.202633
26	22	0.197261
26	21	0.18722
26	23	0.207188
25	22	0.201565
25	21	0.19112
25	23	0.211783
24	22	0.206095
24	21	0.195246
24	23	0.216517
23	22	0.211053
23	21	0.199807
23	23	0.221537
22	22	0.216774
22	21	0.205249
22	23	0.227032
21	22	0.223763
21	21	0.212638
21	23	0.233169
20	22	0.232469
19	22	0.241175
19	21	0.237323
19	23	0.246617
18	22	0.248293
18	21	0.245813
18	23	0.252468
17	22	0.253714
17	21	0.251824
17	23	0.257166
16	22	0.257573
16	21	0.255945
16	23	0.260651
15	22	0.259983
15	21	0.258438
15	23	0.26293
14	22	0.260989
14	21	0.259387
14	23	0.264018
13	22	0.260566
13	21	0.258735
13	23	0.263918
12	22	0.258623
12	21	0.256252
12	23	0.262634
11	22	0.255039
11	21	0.251398
11	23	0.260231
10	22	0.249905
9	22	0.244771
9	21	0.234406
9	23	0.25372
8	22	0.241052
8	21	0.229996
8	23	0.250968
7	22	0.238475
7	21	0.227328
7	23	0.248841
6	22	0.236677
6	21	0.225563
6	23	0.247256
5	22	0.235412
5	21	0.224345
5	23	0.246099
4	22	0.234529
4	21	0.223499
4	23	0.245273
3	22	0.233931
3	21	0.222928
3	23	0.244707
2	22	0.233561
2	21	0.222574
2	23	0.244355
1	22	0.233384
1	21	0.222404
1	23	0.244186
0	22	0.233384
1	24	0.254818
0	23	0.244186
2	24	0.254966
3	24	0.255271
4	24	0.255756
5	24	0.256454
6	24	0.257409
7	24	0.258666
8	24	0.26026
9	24	0.262164
10	23	0.256976
11	24	0.266277
12	24	0.267763
13	24	0.268453
14	24	0.268237
15	24	0.26707
16	24	0.264933
17	24	0.261831
18	24	0.257796
19	24	0.252931
20	23	0.239893
21	24	0.24199
22	24	0.236646
23	24	0.231546
24	24	0.226652
25	24	0.221863
26	24	0.217073
27	24	0.2122
28	24	0.207199
29	24	0.202087
30	23	0.189026
31	24	0.191819
32	24	0.186975
33	24	0.182559
34	24	0.178677
35	24	0.175397
36	24	0.172765
37	24	0.170806
38	24	0.169523
39	24	0.168887
40	23	0.166213
41	24	0.168707
42	24	0.168773
43	24	0.168874
44	24	0.168951
45	24	0.168978
46	24	0.168951
47	24	0.168874
48	24	0.168773
49	24	0.168707
50	23	0.166213
51	24	0.168887
52	24	0.169523
53	24	0.170806
54	24	0.172765
55	24	0.175397
56	24	0.178677
57	24	0.182559
58	24	0.186975
59	24	0.191819
60	23	0.189026
61	24	0.202087
62	24	0.207199
63	24	0.2122
64	24	0.217073
65	24	0.221863
66	24	0.226652
67	24	0.231546
68	24	0.236646
69	24	0.24199
70	23	0.239893
71	24	0.252931
72	24	0.257796
73	24	0.261831
74	24	0.264933
75	24	0.26707
76	24	0.268237
77	24	0.268453
78	24	0.267763
79	24	0.266277
80	23	0.256976
81	24	0.262164
82	24	0.26026
83	24	0.258666
84	24	0.257409
85	24	0.256454
86	24	0.255756
87	24	0.255271
88	24	0.254966
89	24	0.254818
90	23	0.244186
89	25	0.265304
90	24	0.254818
88	25	0.265418
87	25	0.265654
86	25	0.266026
85	25	0.266553
84	25	0.267258
83	25	0.268156
82	25	0.269239
81	25	0.270456
80	24	0.264221
79	25	0.272895
78	25	0.273688
77	25	0.273893
76	25	0.273408
75	25	0.272178
74	25	0.270183
73	25	0.267428
72	25	0.263955
71	25	0.259851
70	24	0.247461
69	25	0.250684
68	25	0.246016
67	25	0.241351
66	25	0.236682
65	25	0.231943
64	25	0.227043
63	25	0.221894
62	25	0.216436
61	25	0.210679
60	24	0.196953
59	25	0.198813
58	25	0.193203
57	25	0.188107
56	25	0.183641
55	25	0.179863
54	25	0.17679
53	25	0.174414
52	25	0.172706
51	25	0.171609
50	24	0.168797
49	25	0.170449
48	25	0.170123
47	25	0.169949
46	25	0.169867
45	25	0.169843
44	25	0.169867
43	25	0.169949
42	25	0.170123
41	25	0.170449
40	24	0.168797
39	25	0.171609
38	25	0.172706
37	25	0.174414
36	25	0.17679
35	25	0.179863
34	25	0.183641
33	25	0.188107
32	25	0.193203
31	25	0.198813
30	24	0.196953
29	25	0.210679
28	25	0.216436
27	25	0.221894
26	25	0.227043
25	25	0.231943
24	25	0.236682
23	25	0.241351
22	25	0.246016
21	25	0.250684
20	24	0.247461
19	25	0.259851
18	25	0.263955
17	25	0.267428
16	25	0.270183
15	25	0.272178
14	25	0.273408
13	25	0.273893
12	25	0.273688
11	25	0.272895
10	24	0.264221
9	25	0.270456
8	25	0.269239
7	25	0.268156
6	25	0.267258
5	25	0.266553
4	25	0.266026
3	25	0.265654
2	25	0.265418
1	25	0.265304
0	24	0.254818
1	26	0.275675
0	25	0.265304
2	26	0.275749
3	26	0.275901
4	26	0.27614
5	26	0.276475
6	26	0.276915
7	26	0.277459
8	26	0.278087
9	26	0.278746
10	25	0.271675
11	26	0.279937
12	26	0.280202
13	26	0.280024
14	26	0.279323
15	26	0.278052
16	26	0.276191
17	26	0.273744
18	26	0.270743
19	26	0.267251
20	25	0.255268
21	26	0.259464
22	26	0.255382
23	26	0.251159
24	26	0.246782
25	26	0.242184
26	26	0.237263
27	26	0.231897
28	26	0.225972
29	26	0.219448
30	25	0.204746
31	26	0.205485
32	26	0.198916
33	26	0.193024
34	26	0.187919
35	26	0.183624
36	26	0.180116
37	26	0.177353
38	26	0.175278
39	26	0.173815
40	25	0.171029
41	26	0.171939
42	26	0.171319
43	26	0.170934
44	26	0.170725
45	26	0.170659
46	26	0.170725
47	26	0.170934
48	26	0.171319
49	26	0.171939
50	25	0.171029
51	26	0.173815
52	26	0.175278
53	26	0.177353
54	26	0.180116
55	26	0.183624
56	26	0.187919
57	26	0.193024
58	26	0.198916
59	26	0.205485
60	25	0.204746
61	26	0.219448
62	26	0.225972
63	26	0.231897
64	26	0.237263
65	26	0.242184
66	26	0.246782
67	26	0.251159
68	26	0.255382
69	26	0.259464
70	25	0.255268
71	26	0.267251
72	26	0.270743
73	26	0.273744
74	26	0.276191
75	26	0.278052
76	26	0.279323
77	26	0.280024
78	26	0.280202
79	26	0.279937
80	25	0.271675
81	26	0.278746
82	26	0.278087
83	26	0.277459
84	26	0.276915
85	26	0.276475
86	26	0.27614
87	26	0.275901
88	26	0.275749
89	26	0.275675
90	25	0.265304
89	27	0.285973
90	26	0.275675
88	27	0.286002
87	27	0.286062
86	27	0.286157
85	27	0.286292
84	27	0.286468
83	27	0.286678
82	27	0.286902
81	27	0.287099
80	26	0.279342
79	27	0.287311
78	27	0.287159
77	27	0.286677
76	27	0.285807
75	27	0.284516
74	27	0.282784
73	27	0.280614
72	27	0.278025
71	27	0.275051
70	26	0.263357
69	27	0.268432
68	27	0.264888
67	27	0.261122
66	27	0.257103
65	27	0.252748
64	27	0.247928
63	27	0.242457
62	27	0.236108
61	27	0.228673
60	26	0.212466
59	27	0.211743
58	27	0.203953
57	27	0.197154
56	27	0.191387
55	27	0.186596
54	27	0.182698
53	27	0.179607
52	27	0.177235
51	27	0.175498
50	26	0.172877
49	27	0.17311
48	27	0.17228
47	27	0.171741
46	27	0.17144
45	27	0.171343
44	27	0.17144
43	27	0.171741
42	27	0.17228
41	27	0.17311
40	26	0.172877
39	27	0.175498
38	27	0.177235
37	27	0.179607
36	27	0.182698
35	27	0.186596
34	27	0.191387
33	27	0.197154
32	27	0.203953
31	27	0.211743
30	26	0.212466
29	27	0.228673
28	27	0.236108
27	27	0.242457
26	27	0.247928
25	27	0.252748
24	27	0.257103
23	27	0.261122
22	27	0.264888
21	27	0.268432
20	26	0.263357
19	27	0.275051
18	27	0.278025
17	27	0.280614
16	27	0.282784
15	27	0.284516
14	27	0.285807
13	27	0.286677
12	27	0.287159
11	27	0.287311
10	26	0.279342
9	27	0.287099
8	27	0.286902
7	27	0.286678
6	27	0.286468
5	27	0.286292
4	27	0.286157
3	27	0.286062
2	27	0.286002
1	27	0.285973
0	26	0.275675
1	28	0.296242
0	27	0.285973
2	28	0.296223
3	28	0.296187
4	28	0.296135
5	28	0.296069
6	28	0.295987
7	28	0.295884
8	28	0.295744
9	28	0.295543
10	27	0.287205
11	28	0.294942
12	28	0.294447
13	28	0.293716
14	28	0.292715
15	28	0.291419
16	28	0.289817
17	28	0.287905
18	28	0.28569
19	28	0.283186
20	27	0.271741
21	28	0.277635
22	28	0.274615
23	28	0.271339
24	28	0.267758
25	28	0.263778
26	28	0.259243
27	28	0.253897
28	28	0.24733
29	28	0.238927
30	27	0.220208
31	28	0.217326
32	28	0.208
33	28	0.200252
34	28	0.193879
35	28	0.188675
36	28	0.184473
37	28	0.181139
38	28	0.17856
39	28	0.176636
40	27	0.174304
41	28	0.173916
42	28	0.172951
43	28	0.172312
44	28	0.17195
45	28	0.171832
46	28	0.17195
47	28	0.172312
48	28	0.172951
49	28	0.173916
50	27	0.174304
51	28	0.176636
52	28	0.17856
53	28	0.181139
54	28	0.184473
55	28	0.188675
56	28	0.193879
57	28	0.200252
58	28	0.208
59	28	0.217326
60	27	0.220208
61	28	0.238927
62	28	0.24733
63	28	0.253897
64	28	0.259243
65	28	0.263778
66	28	0.267758
67	28	0.271339
68	28	0.274615
69	28	0.277635
70	27	0.271741
71	28	0.283186
72	28	0.28569
73	28	0.287905
74	28	0.289817
75	28	0.291419
76	28	0.292715
77	28	0.293716
78	28	0.294447
79	28	0.294942
80	27	0.287205
81	28	0.295543
82	28	0.295744
83	28	0.295884
84	28	0.295987
85	28	0.296069
86	28	0.296135
87	28	0.296187
88	28	0.296223
89	28	0.296242
90	27	0.285973
89	29	0.30653
90	28	0.296242
88	29	0.306463
87	29	0.306328
86	29	0.306127
85	29	0.30586
84	29	0.305527
83	29	0.305125
82	29	0.304648
81	29	0.304087
80	28	0.295243
79	29	0.302767
78	29	0.301972
77	29	0.301027
76	29	0.299916
75	29	0.298629
74	29	0.297159
73	29	0.295498
72	29	0.293644
71	29	0.291592
70	28	0.28041
69	29	0.287082
68	29	0.2846
67	29	0.281861
66	29	0.278813
65	29	0.275364
64	29	0.271368
63	29	0.266557
62	29	0.260389
61	29	0.251579
60	28	0.228126
59	29	0.221434
58	29	0.21047
57	29	0.201975
56	29	0.195202
55	29	0.189753
54	29	0.185381
53	29	0.181916
52	29	0.179229
51	29	0.177212
50	28	0.175276
49	29	0.174327
48	29	0.173295
47	29	0.172607
46	29	0.172215
45	29	0.172087
44	29	0.172215
43	29	0.172607
42	29	0.173295
41	29	0.174327
40	28	0.175276
39	29	0.177212
38	29	0.179229
37	29	0.181916
36	29	0.185381
35	29	0.189753
34	29	0.195202
33	29	0.201975
32	29	0.21047
31	29	0.221434
30	28	0.228126
29	29	0.251579
28	29	0.260389
27	29	0.266557
26	29	0.271368
25	29	0.275364
24	29	0.278813
23	29	0.281861
22	29	0.2846
21	29	0.287082
20	28	0.28041
19	29	0.291592
18	29	0.293644
17	29	0.295498
16	29	0.297159
15	29	0.298629
14	29	0.299916
13	29	0.301027
12	29	0.301972
11	29	0.302767
10	28	0.295243
9	29	0.304087
8	29	0.304648
7	29	0.305125
6	29	0.305527
5	29	0.30586
4	29	0.306127
3	29	0.306328
2	29	0.306463
1	29	0.30653
0	28	0.296242
1	30	0.316885
0	29	0.30653
2	30	0.316769
3	30	0.316535
4	30	0.316185
5	30	0.315719
6	30	0.315137
7	30	0.314441
8	30	0.313637
9	30	0.31273
10	29	0.303427
11	30	0.310726
12	30	0.309648
13	30	0.308502
14	30	0.307293
15	30	0.306024
16	30	0.30469
17	30	0.303285
18	30	0.301796
19	30	0.300202
20	29	0.289337
21	30	0.296756
22	30	0.294841
23	30	0.292693
24	30	0.290266
25	30	0.287499
26	30	0.284308
27	30	0.280572
28	30	0.276092
29	30	0.270493
30	29	0.236506
31	30	0.221434
32	30	0.21047
33	30	0.201975
34	30	0.195202
35	30	0.189753
36	30	0.185381
37	30	0.181916
38	30	0.179229
39	30	0.177212
40	29	0.175769
41	30	0.174327
42	30	0.173295
43	30	0.172607
44	30	0.172215
45	30	0.172087
46	30	0.172215
47	30	0.172607
48	30	0.173295
49	30	0.174327
50	29	0.175769
51	30	0.177212
52	30	0.179229
53	30	0.181916
54	30	0.185381
55	30	0.189753
56	30	0.195202
57	30	0.201975
58	30	0.21047
59	30	0.221434
60	29	0.236506
61	30	0.270493
62	30	0.276092
63	30	0.280572
64	30	0.284308
65	30	0.287499
66	30	0.290266
67	30	0.292693
68	30	0.294841
69	30	0.296756
70	29	0.289337
71	30	0.300202
72	30	0.301796
73	30	0.303285
74	30	0.30469
75	30	0.306024
76	30	0.307293
77	30	0.308502
78	30	0.309648
79	30	0.310726
80	29	0.303427
81	30	0.31273
82	30	0.313637
83	30	0.314441
84	30	0.315137
85	30	0.315719
86	30	0.316185
87	30	0.316535
88	30	0.316769
89	30	0.316885
90	29	0.30653
89	31	0.32724
89	32	0.337761
88	31	0.327075
90	31	0.32724
88	32	0.337547
87	31	0.326743
87	32	0.337117
86	31	0.326243
86	32	0.336468
85	31	0.325577
85	32	0.3356
84	31	0.324746
84	32	0.334513
83	31	0.323758
83	32	0.333217
82	31	0.322626
82	32	0.331736
81	31	0.321373
81	32	0.330106
80	31	0.320029
79	31	0.318685
79	32	0.326662
78	31	0.317324
78	32	0.324984
77	31	0.315977
77	32	0.323413
76	31	0.31467
76	32	0.321994
75	31	0.313418
75	32	0.320755
74	31	0.312222
74	32	0.319707
73	31	0.311073
73	32	0.318835
72	31	0.309947
72	32	0.31811
71	31	0.308812
71	32	0.317477
70	31	0.307621
69	31	0.306431
69	32	0.316263
68	31	0.305081
68	32	0.315529
67	31	0.303525
67	32	0.314606
66	31	0.30172
66	32	0.313456
65	31	0.299633
65	32	0.312066
64	31	0.297248
64	32	0.310463
63	31	0.294588
63	32	0.308737
62	31	0.291794
62	32	0.307089
61	31	0.289407
61	32	0.305934
60	31	0.289407
61	33	0.321306
60	32	0.305934
62	33	0.321892
63	33	0.322807
64	33	0.323803
65	33	0.324711
66	33	0.32543
67	33	0.325915
68	33	0.326166
69	33	0.326223
70	32	0.31687
71	33	0.326117
72	33	0.326178
73	33	0.326453
74	33	0.327014
75	33	0.327904
76	33	0.329136
77	33	0.330696
78	33	0.332539
79	33	0.334594
80	32	0.328384
81	33	0.338932
82	33	0.340993
83	33	0.342863
84	33	0.344488
85	33	0.34584
86	33	0.346914
87	33	0.34771
88	33	0.348236
89	33	0.348497
90	32	0.337761
89	34	0.359493
90	33	0.348497
88	34	0.359189
87	34	0.358574
86	34	0.357636
85	34	0.356361
84	34	0.354734
83	34	0.352754
82	34	0.350443
81	34	0.347864
80	33	0.336763
79	34	0.342413
78	34	0.339883
77	34	0.337695
76	34	0.335951
75	34	0.334709
74	34	0.333992
73	34	0.333784
72	34	0.334034
71	34	0.334643
70	33	0.32617
69	34	0.336293
68	34	0.336995
67	34	0.337459
66	34	0.337639
65	34	0.337545
64	34	0.337232
63	34	0.336795
62	34	0.336366
61	34	0.336092
60	33	0.321306
61	35	0.350604
60	34	0.336092
62	35	0.350684
63	35	0.350777
64	35	0.350783
65	35	0.350597
66	35	0.350122
67	35	0.349287
68	35	0.348061
69	35	0.346488
70	34	0.335468
71	35	0.342951
72	35	0.34153
73	35	0.340659
74	35	0.34046
75	35	0.340991
76	35	0.342263
77	35	0.344251
78	35	0.346885
79	35	0.350035
80	34	0.345139
81	35	0.356944
82	35	0.360161
83	35	0.362977
84	35	0.365334
85	35	0.367232
86	35	0.368696
87	35	0.36976
88	35	0.370452
89	35	0.370793
90	34	0.359493
89	36	0.382434
90	35	0.370793
88	36	0.382067
87	36	0.381319
86	36	0.380157
85	36	0.378536
84	36	0.376394
83	36	0.373659
82	36	0.370277
81	36	0.366263
80	35	0.35349
79	36	0.357351
78	36	0.353372
77	36	0.350161
76	36	0.34786
75	36	0.346531
74	36	0.346199
73	36	0.346861
72	36	0.348475
71	36	0.350914
70	35	0.34472
69	36	0.356877
68	36	0.359476
67	36	0.361506
66	36	0.362966
65	36	0.363938
64	36	0.364528
63	36	0.364845
62	36	0.364988
61	36	0.365037
60	35	0.350604
61	37	0.379519
60	36	0.365037
62	37	0.379387
63	37	0.379086
64	37	0.378545
65	37	0.37766
66	37	0.376299
67	37	0.374294
68	37	0.371459
69	37	0.367648
70	36	0.353895
71	37	0.358333
72	37	0.354596
73	37	0.352112
74	37	0.350943
75	37	0.351075
76	37	0.352483
77	37	0.35516
78	37	0.359092
79	37	0.364189
80	36	0.361807
81	37	0.376024
82	37	0.381027
83	37	0.384989
84	37	0.388045
85	37	0.390362
86	37	0.392078
87	37	0.39329
88	37	0.394064
89	37	0.394442
90	36	0.382434
89	38	0.406828
90	37	0.394442
88	38	0.406458
87	38	0.405698
86	38	0.404502
85	38	0.40279
84	38	0.400434
83	38	0.397224
82	38	0.392816
81	38	0.386701
80	37	0.370107
79	38	0.370208
78	38	0.363648
77	38	0.358904
76	38	0.355838
75	38	0.354341
74	38	0.354388
73	38	0.356046
72	38	0.359465
71	38	0.364831
70	37	0.36299
69	38	0.379266
68	38	0.384418
67	38	0.387914
66	38	0.390274
65	38	0.391859
64	38	0.392905
63	38	0.393569
62	38	0.393955
61	38	0.394132
60	37	0.379519
61	39	0.408922
60	38	0.394132
62	39	0.408733
63	39	0.408328
64	39	0.407649
65	39	0.406598
66	39	0.405024
67	39	0.40267
68	39	0.399032
69	39	0.392949
70	38	0.372048
71	39	0.369477
72	39	0.362387
73	39	0.358219
74	39	0.356223
75	39	0.356063
76	39	0.357624
77	39	0.360972
78	39	0.366386
79	39	0.374539
80	38	0.378454
81	39	0.399508
82	39	0.406314
83	39	0.410656
84	39	0.413679
85	39	0.415862
86	39	0.417441
87	39	0.418543
88	39	0.419243
89	39	0.419583
90	38	0.406828
89	40	0.432679
90	39	0.419583
88	40	0.432387
87	40	0.43179
86	40	0.430856
85	40	0.429539
84	40	0.427762
83	40	0.425407
82	40	0.422275
81	40	0.417995
80	39	0.387024
79	40	0.374539
78	40	0.366386
77	40	0.360972
76	40	0.357624
75	40	0.356063
74	40	0.356223
73	40	0.358219
72	40	0.362387
71	40	0.369477
70	39	0.381213
69	40	0.412287
68	40	0.41609
67	40	0.418709
66	40	0.420556
65	40	0.421859
64	40	0.422762
63	40	0.423363
62	40	0.423728
61	40	0.423899
60	39	0.408922
61	41	0.438877
61	42	0.454011
60	41	0.438877
62	41	0.438722
62	42	0.453886
63	41	0.438398
63	42	0.453629
64	41	0.437876
64	42	0.453225
65	41	0.437121
65	42	0.452659
66	41	0.436087
66	42	0.451925
67	41	0.434748
67	42	0.451048
68	41	0.433149
68	42	0.450132
69	41	0.431625
69	42	0.449439
70	41	0.431625
69	43	0.466559
70	42	0.449439
68	43	0.466891
67	43	0.467387
66	43	0.467905
65	43	0.468366
64	43	0.468736
63	43	0.469007
62	43	0.469183
61	43	0.469269
60	42	0.454011
61	44	0.484612
60	43	0.469269
62	44	0.484569
63	44	0.48448
64	44	0.484345
65	44	0.484163
66	44	0.483943
67	44	0.483704
68	44	0.483486
69	44	0.483348
70	43	0.466559
69	45	0.5
70	44	0.483348
68	45	0.5
67	45	0.5
66	45	0.5
65	45	0.5
64	45	0.5
63	45	0.5
62	45	0.5
61	45	0.5
60	44	0.484612
61	46	0.515388
60	45	0.5
62	46	0.515431
63	46	0.51552
64	46	0.515655
65	46	0.515837
66	46	0.516057
67	46	0.516296
68	46	0.516514
69	46	0.516652
70	45	0.5
69	47	0.533441
70	46	0.516652
68	47	0.533109
67	47	0.532613
66	47	0.532095
65	47	0.531634
64	47	0.531264
63	47	0.530993
62	47	0.530817
61	47	0.530731
60	46	0.515388
61	48	0.545989
60	47	0.530731
62	48	0.546114
63	48	0.546371
64	48	0.546775
65	48	0.547341
66	48	0.548075
67	48	0.548952
68	48	0.549868
69	48	0.550561
70	47	0.533441
69	49	0.568375
70	48	0.550561
68	49	0.566851
67	49	0.565252
66	49	0.563913
65	49	0.562879
64	49	0.562124
63	49	0.561602
62	49	0.561278
61	49	0.561123
60	48	0.545989
61	50	0.576101
60	49	0.561123
62	50	0.576272
63	50	0.576637
64	50	0.577238
65	50	0.578141
66	50	0.579444
67	50	0.581291
68	50	0.58391
69	50	0.587713
70	49	0.568375
69	51	0.607051
69	52	0.620734
68	51	0.600968
70	51	0.618787
71	51	0.630523
71	50	0.630523
71	52	0.635169
72	51	0.637613
72	50	0.637613
72	52	0.640535
73	51	0.641781
73	50	0.641781
73	52	0.643954
74	51	0.643777
74	50	0.643777
74	52	0.645612
75	51	0.643937
75	50	0.643937
75	52	0.645659
76	51	0.642376
76	50	0.642376
76	52	0.644162
77	51	0.639028
77	50	0.639028
77	52	0.641096
78	51	0.633614
78	50	0.633614
78	52	0.636352
79	51	0.625461
79	50	0.625461
79	52	0.629792
80	51	0.612976
81	51	0.600492
81	50	0.582005
81	52	0.613299
82	51	0.593686
82	50	0.577725
82	52	0.607184
83	51	0.589344
83	50	0.574593
83	52	0.602776
84	51	0.586321
84	50	0.572238
84	52	0.599566
85	51	0.584138
85	50	0.570461
85	52	0.59721
86	51	0.582559
86	50	0.569144
86	52	0.595498
87	51	0.581457
87	50	0.56821
87	52	0.594302
88	51	0.580757
88	50	0.567613
88	52	0.593542
89	51	0.580417
89	50	0.567321
89	52	0.593172
90	51	0.580417
89	53	0.605558
90	52	0.593172
88	53	0.605936
87	53	0.60671
86	53	0.607922
85	53	0.609638
84	53	0.611955
83	53	0.615011
82	53	0.618973
81	53	0.623976
80	52	0.621546
79	53	0.635811
78	53	0.640908
77	53	0.64484
76	53	0.647517
75	53	0.648925
74	53	0.649057
73	53	0.647888
72	53	0.645404
71	53	0.641667
70	52	0.627952
69	53	0.632352
68	52	0.615582
68	53	0.628541
67	52	0.612086
67	51	0.59733
67	53	0.625706
66	52	0.609726
66	51	0.594976
66	53	0.623701
65	52	0.608141
65	51	0.593402
65	53	0.62234
64	52	0.607095
64	51	0.592351
64	53	0.621455
63	52	0.606431
63	51	0.591672
63	53	0.620914
62	52	0.606045
62	51	0.591267
62	53	0.620613
61	52	0.605868
61	51	0.591078
61	53	0.620481
60	52	0.605868
61	54	0.634963
60	53	0.620481
62	54	0.635012
63	54	0.635155
64	54	0.635472
65	54	0.636062
66	54	0.637034
67	54	0.638494
68	54	0.640524
69	54	0.643123
70	53	0.63701
71	54	0.649086
72	54	0.651525
73	54	0.653139
74	54	0.653801
75	54	0.653469
76	54	0.65214
77	54	0.649839
78	54	0.646628
79	54	0.642649
80	53	0.629893
81	54	0.633737
82	54	0.629723
83	54	0.626341
84	54	0.623606
85	54	0.621464
86	54	0.619843
87	54	0.618681
88	54	0.617933
89	54	0.617566
90	53	0.605558
89	55	0.629207
90	54	0.617566
88	55	0.629548
87	55	0.63024
86	55	0.631304
85	55	0.632768
84	55	0.634666
83	55	0.637023
82	55	0.639839
81	55	0.643056
80	54	0.638193
79	55	0.649965
78	55	0.653115
77	55	0.655749
76	55	0.657737
75	55	0.659009
74	55	0.65954
73	55	0.659341
72	55	0.65847
71	55	0.657049
70	54	0.646105
69	55	0.653512
68	55	0.651939
67	55	0.650713
66	55	0.649878
65	55	0.649403
64	55	0.649217
63	55	0.649223
62	55	0.649316
61	55	0.649396
60	54	0.634963
61	56	0.663908
60	55	0.649396
62	56	0.663634
63	56	0.663205
64	56	0.662768
65	56	0.662455
66	56	0.662361
67	56	0.662541
68	56	0.663005
69	56	0.663707
70	55	0.65528
71	56	0.665357
72	56	0.665966
73	56	0.666216
74	56	0.666008
75	56	0.665291
76	56	0.664049
77	56	0.662305
78	56	0.660117
79	56	0.657587
80	55	0.64651
81	56	0.652136
82	56	0.649557
83	56	0.647246
84	56	0.645266
85	56	0.643639
86	56	0.642364
87	56	0.641426
88	56	0.640811
89	56	0.640507
90	55	0.629207
89	57	0.651503
90	56	0.640507
88	57	0.651764
87	57	0.65229
86	57	0.653086
85	57	0.65416
84	57	0.655512
83	57	0.657137
82	57	0.659007
81	57	0.661068
80	56	0.654861
79	57	0.665406
78	57	0.667461
77	57	0.669304
76	57	0.670864
75	57	0.672096
74	57	0.672986
73	57	0.673547
72	57	0.673822
71	57	0.673883
70	56	0.664532
69	57	0.673777
68	57	0.673834
67	57	0.674085
66	57	0.67457
65	57	0.675289
64	57	0.676197
63	57	0.677193
62	57	0.678108
61	57	0.678694
60	56	0.663908
61	58	0.694066
60	57	0.678694
62	58	0.692911
63	58	0.691263
64	58	0.689537
65	58	0.687934
66	58	0.686544
67	58	0.685394
68	58	0.684471
69	58	0.683737
70	57	0.67383
71	58	0.682523
72	58	0.68189
73	58	0.681165
74	58	0.680293
75	58	0.679245
76	58	0.678006
77	58	0.676587
78	58	0.675016
79	58	0.673338
80	57	0.663237
81	58	0.669894
82	58	0.668264
83	58	0.666783
84	58	0.665487
85	58	0.6644
86	58	0.663532
87	58	0.662883
88	58	0.662453
89	58	0.662239
90	57	0.651503
89	59	0.67276
90	58	0.662239
88	59	0.672925
87	59	0.673257
86	59	0.673757
85	59	0.674423
84	59	0.675254
83	59	0.676242
82	59	0.677374
81	59	0.678627
80	58	0.671616
79	59	0.681315
78	59	0.682676
77	59	0.684023
76	59	0.68533
75	59	0.686582
74	59	0.687778
73	59	0.688927
72	59	0.690053
71	59	0.691188
70	58	0.68313
69	59	0.693569
68	59	0.694919
67	59	0.696475
66	59	0.69828
65	59	0.700367
64	59	0.702752
63	59	0.705412
62	59	0.708206
61	59	0.710593
60	58	0.694066
61	60	0.729507
60	59	0.710593
62	60	0.723908
63	60	0.719428
64	60	0.715692
65	60	0.712501
66	60	0.709734
67	60	0.707307
68	60	0.705159
69	60	0.703244
70	59	0.692379
71	60	0.699798
72	60	0.698204
73	60	0.696715
74	60	0.69531
75	60	0.693976
76	60	0.692707
77	60	0.691498
78	60	0.690352
79	60	0.689274
80	59	0.679971
81	60	0.68727
82	60	0.686363
83	60	0.685559
84	60	0.684863
85	60	0.684281
86	60	0.683815
87	60	0.683465
88	60	0.683231
89	60	0.683115
90	59	0.67276
89	61	0.69347
89	62	0.703758
88	61	0.693537
90	61	0.69347
88	62	0.703777
87	61	0.693672
87	62	0.703813
86	61	0.693873
86	62	0.703865
85	61	0.69414
85	62	0.703931
84	61	0.694473
84	62	0.704013
83	61	0.694875
83	62	0.704116
82	61	0.695352
82	62	0.704256
81	61	0.695913
81	62	0.704457
80	61	0.696573
79	61	0.697233
79	62	0.705058
78	61	0.698028
78	62	0.705553
77	61	0.698973
77	62	0.706284
76	61	0.700084
76	62	0.707285
75	61	0.701371
75	62	0.708581
74	61	0.702841
74	62	0.710183
73	61	0.704502
73	62	0.712095
72	61	0.706356
72	62	0.71431
71	61	0.708408
71	62	0.716814
70	61	0.710663
69	61	0.712918
69	62	0.722365
68	61	0.7154
68	62	0.725385
67	61	0.718139
67	62	0.728661
66	61	0.721187
66	62	0.732242
65	61	0.724636
65	62	0.736222
64	61	0.728632
64	62	0.740757
63	61	0.733443
63	62	0.746103
62	61	0.739611
62	62	0.75267
61	61	0.748421
61	62	0.761073
60	61	0.763494
59	61	0.778566
59	60	0.778566
59	62	0.782674
58	61	0.78953
58	60	0.78953
58	62	0.792
57	61	0.798025
57	60	0.798025
57	62	0.799748
56	61	0.804798
56	60	0.804798
56	62	0.806121
55	61	0.810247
55	60	0.810247
55	62	0.811325
54	61	0.814619
54	60	0.814619
54	62	0.815527
53	61	0.818084
53	60	0.818084
53	62	0.818861
52	61	0.820771
52	60	0.820771
52	62	0.82144
51	61	0.822788
51	60	0.822788
51	62	0.823364
50	61	0.824231
49	61	0.825673
49	60	0.825673
49	62	0.826084
48	61	0.826705
48	60	0.826705
48	62	0.827049
47	61	0.827393
47	60	0.827393
47	62	0.827688
46	61	0.827785
46	60	0.827785
46	62	0.82805
45	61	0.827913
45	60	0.827913
45	62	0.828168
44	61	0.827785
44	60	0.827785
44	62	0.82805
43	61	0.827393
43	60	0.827393
43	62	0.827688
42	61	0.826705
42	60	0.826705
42	62	0.827049
41	61	0.825673
41	60	0.825673
41	62	0.826084
40	61	0.824231
39	61	0.822788
39	60	0.822788
39	62	0.823364
38	61	0.820771
38	60	0.820771
38	62	0.82144
37	61	0.818084
37	60	0.818084
37	62	0.818861
36	61	0.814619
36	60	0.814619
36	62	0.815527
35	61	0.810247
35	60	0.810247
35	62	0.811325
34	61	0.804798
34	60	0.804798
34	62	0.806121
33	61	0.798025
33	60	0.798025
33	62	0.799748
32	61	0.78953
32	60	0.78953
32	62	0.792
31	61	0.778566
31	60	0.778566
31	62	0.782674
30	61	0.763494
29	61	0.748421
29	60	0.729507
29	62	0.761073
28	61	0.739611
28	60	0.723908
28	62	0.75267
27	61	0.733443
27	60	0.719428
27	62	0.746103
26	61	0.728632
26	60	0.715692
26	62	0.740757
25	61	0.724636
25	60	0.712501
25	62	0.736222
24	61	0.721187
24	60	0.709734
24	62	0.732242
23	61	0.718139
23	60	0.707307
23	62	0.728661
22	61	0.7154
22	60	0.705159
22	62	0.725385
21	61	0.712918
21	60	0.703244
21	62	0.722365
20	61	0.710663
19	61	0.708408
19	60	0.699798
19	62	0.716814
18	61	0.706356
18	60	0.698204
18	62	0.71431
17	61	0.704502
17	60	0.696715
17	62	0.712095
16	61	0.702841
16	60	0.69531
16	62	0.710183
15	61	0.701371
15	60	0.693976
15	62	0.708581
14	61	0.700084
14	60	0.692707
14	62	0.707285
13	61	0.698973
13	60	0.691498
13	62	0.706284
12	61	0.698028
12	60	0.690352
12	62	0.705553
11	61	0.697233
11	60	0.689274
11	62	0.705058
10	61	0.696573
9	61	0.695913
9	60	0.68727
9	62	0.704457
8	61	0.695352
8	60	0.686363
8	62	0.704256
7	61	0.694875
7	60	0.685559
7	62	0.704116
6	61	0.694473
6	60	0.684863
6	62	0.704013
5	61	0.69414
5	60	0.684281
5	62	0.703931
4	61	0.693873
4	60	0.683815
4	62	0.703865
3	61	0.693672
3	60	0.683465
3	62	0.703813
2	61	0.693537
2	60	0.683231
2	62	0.703777
1	61	0.69347
1	60	0.683115
1	62	0.703758
0	61	0.69347
1	63	0.714027
0	62	0.703758
2	63	0.713998
3	63	0.713938
4	63	0.713843
5	63	0.713708
6	63	0.713532
7	63	0.713322
8	63	0.713098
9	63	0.712901
10	62	0.704757
11	63	0.712689
12	63	0.712841
13	63	0.713323
14	63	0.714193
15	63	0.715484
16	63	0.717216
17	63	0.719386
18	63	0.721975
19	63	0.724949
20	62	0.71959
21	63	0.731568
22	63	0.735112
23	63	0.738878
24	63	0.742897
25	63	0.747252
26	63	0.752072
27	63	0.757543
28	63	0.763892
29	63	0.771327
30	62	0.771874
31	63	0.788257
32	63	0.796047
33	63	0.802846
34	63	0.808613
35	63	0.813404
36	63	0.817302
37	63	0.820393
38	63	0.822765
39	63	0.824502
40	62	0.824724
41	63	0.82689
42	63	0.82772
43	63	0.828259
44	63	0.82856
45	63	0.828657
46	63	0.82856
47	63	0.828259
48	63	0.82772
49	63	0.82689
50	62	0.824724
51	63	0.824502
52	63	0.822765
53	63	0.820393
54	63	0.817302
55	63	0.813404
56	63	0.808613
57	63	0.802846
58	63	0.796047
59	63	0.788257
60	62	0.771874
61	63	0.771327
62	63	0.763892
63	63	0.757543
64	63	0.752072
65	63	0.747252
66	63	0.742897
67	63	0.738878
68	63	0.735112
69	63	0.731568
70	62	0.71959
71	63	0.724949
72	63	0.721975
73	63	0.719386
74	63	0.717216
75	63	0.715484
76	63	0.714193
77	63	0.713323
78	63	0.712841
79	63	0.712689
80	62	0.704757
81	63	0.712901
82	63	0.713098
83	63	0.713322
84	63	0.713532
85	63	0.713708
86	63	0.713843
87	63	0.713938
88	63	0.713998
89	63	0.714027
90	62	0.703758
89	64	0.724325
90	63	0.714027
88	64	0.724251
87	64	0.724099
86	64	0.72386
85	64	0.723525
84	64	0.723085
83	64	0.722541
82	64	0.721913
81	64	0.721254
80	63	0.712795
79	64	0.720063
78	64	0.719798
77	64	0.719976
76	64	0.720677
75	64	0.721948
74	64	0.723809
73	64	0.726256
72	64	0.729257
71	64	0.732749
70	63	0.728259
69	64	0.740536
68	64	0.744618
67	64	0.748841
66	64	0.753218
65	64	0.757816
64	64	0.762737
63	64	0.768103
62	64	0.774028
61	64	0.780552
60	63	0.779792
59	64	0.794515
58	64	0.801084
57	64	0.806976
56	64	0.812081
55	64	0.816376
54	64	0.819884
53	64	0.822647
52	64	0.824722
51	64	0.826185
50	63	0.825696
49	64	0.828061
48	64	0.828681
47	64	0.829066
46	64	0.829275
45	64	0.829341
44	64	0.829275
43	64	0.829066
42	64	0.828681
41	64	0.828061
40	63	0.825696
39	64	0.826185
38	64	0.824722
37	64	0.822647
36	64	0.819884
35	64	0.816376
34	64	0.812081
33	64	0.806976
32	64	0.801084
31	64	0.794515
30	63	0.779792
29	64	0.780552
28	64	0.774028
27	64	0.768103
26	64	0.762737
25	64	0.757816
24	64	0.753218
23	64	0.748841
22	64	0.744618
21	64	0.740536
20	63	0.728259
19	64	0.732749
18	64	0.729257
17	64	0.726256
16	64	0.723809
15	64	0.721948
14	64	0.720677
13	64	0.719976
12	64	0.719798
11	64	0.720063
10	63	0.712795
9	64	0.721254
8	64	0.721913
7	64	0.722541
6	64	0.723085
5	64	0.723525
4	64	0.72386
3	64	0.724099
2	64	0.724251
1	64	0.724325
0	63	0.714027
1	65	0.734696
0	64	0.724325
2	65	0.734582
3	65	0.734346
4	65	0.733974
5	65	0.733447
6	65	0.732742
7	65	0.731844
8	65	0.730761
9	65	0.729544
10	64	0.720658
11	65	0.727105
12	65	0.726312
13	65	0.726107
14	65	0.726592
15	65	0.727822
16	65	0.729817
17	65	0.732572
18	65	0.736045
19	65	0.740149
20	64	0.736643
21	65	0.749316
22	65	0.753984
23	65	0.758649
24	65	0.763318
25	65	0.768057
26	65	0.772957
27	65	0.778106
28	65	0.783564
29	65	0.789321
30	64	0.787534
31	65	0.801187
32	65	0.806797
33	65	0.811893
34	65	0.816359
35	65	0.820137
36	65	0.82321
37	65	0.825586
38	65	0.827294
39	65	0.828391
40	64	0.827123
41	65	0.829551
42	65	0.829877
43	65	0.830051
44	65	0.830133
45	65	0.830157
46	65	0.830133
47	65	0.830051
48	65	0.829877
49	65	0.829551
50	64	0.827123
51	65	0.828391
52	65	0.827294
53	65	0.825586
54	65	0.82321
55	65	0.820137
56	65	0.816359
57	65	0.811893
58	65	0.806797
59	65	0.801187
60	64	0.787534
61	65	0.789321
62	65	0.783564
63	65	0.778106
64	65	0.772957
65	65	0.768057
66	65	0.763318
67	65	0.758649
68	65	0.753984
69	65	0.749316
70	64	0.736643
71	65	0.740149
72	65	0.736045
73	65	0.732572
74	65	0.729817
75	65	0.727822
76	65	0.726592
77	65	0.726107
78	65	0.726312
79	65	0.727105
80	64	0.720658
81	65	0.729544
82	65	0.730761
83	65	0.731844
84	65	0.732742
85	65	0.733447
86	65	0.733974
87	65	0.734346
88	65	0.734582
89	65	0.734696
90	64	0.724325
89	66	0.745182
90	65	0.734696
88	66	0.745034
87	66	0.744729
86	66	0.744244
85	66	0.743546
84	66	0.742591
83	66	0.741334
82	66	0.73974
81	66	0.737836
80	65	0.728325
79	66	0.733723
78	66	0.732237
77	66	0.731547
76	66	0.731763
75	66	0.73293
74	66	0.735067
73	66	0.738169
72	66	0.742204
71	66	0.747069
70	65	0.744732
69	66	0.75801
68	66	0.763354
67	66	0.768454
66	66	0.773348
65	66	0.778137
64	66	0.782927
63	66	0.7878
62	66	0.792801
61	66	0.797913
60	65	0.795254
59	66	0.808181
58	66	0.813025
57	66	0.817441
56	66	0.821323
55	66	0.824603
54	66	0.827235
53	66	0.829194
52	66	0.830477
51	66	0.831113
50	65	0.828971
49	66	0.831293
48	66	0.831227
47	66	0.831126
46	66	0.831049
45	66	0.831022
44	66	0.831049
43	66	0.831126
42	66	0.831227
41	66	0.831293
40	65	0.828971
39	66	0.831113
38	66	0.830477
37	66	0.829194
36	66	0.827235
35	66	0.824603
34	66	0.821323
33	66	0.817441
32	66	0.813025
31	66	0.808181
30	65	0.795254
29	66	0.797913
28	66	0.792801
27	66	0.7878
26	66	0.782927
25	66	0.778137
24	66	0.773348
23	66	0.768454
22	66	0.763354
21	66	0.75801
20	65	0.744732
19	66	0.747069
18	66	0.742204
17	66	0.738169
16	66	0.735067
15	66	0.73293
14	66	0.731763
13	66	0.731547
12	66	0.732237
11	66	0.733723
10	65	0.728325
9	66	0.737836
8	66	0.73974
7	66	0.741334
6	66	0.742591
5	66	0.743546
4	66	0.744244
3	66	0.744729
2	66	0.745034
1	66	0.745182
0	65	0.734696
1	67	0.755814
0	66	0.745182
2	67	0.755645
3	67	0.755293
4	67	0.754727
5	67	0.753901
6	67	0.752744
7	67	0.751159
8	67	0.749032
9	67	0.74628
10	66	0.735779
11	67	0.739769
12	67	0.737366
13	67	0.736082
14	67	0.735982
15	67	0.73707
16	67	0.739349
17	67	0.742834
18	67	0.747532
19	67	0.753383
20	66	0.752539
21	67	0.766831
22	67	0.772968
23	67	0.778463
24	67	0.783483
25	67	0.788217
26	67	0.792812
27	67	0.797367
28	67	0.801926
29	67	0.806482
30	66	0.803047
31	67	0.815465
32	67	0.819682
33	67	0.823521
34	67	0.826891
35	67	0.829715
36	67	0.831931
37	67	0.833479
38	67	0.834305
39	67	0.834383
40	66	0.831203
41	67	0.833192
42	67	0.832611
43	67	0.832176
44	67	0.831916
45	67	0.831831
46	67	0.831916
47	67	0.832176
48	67	0.832611
49	67	0.833192
50	66	0.831203
51	67	0.834383
52	67	0.834305
53	67	0.833479
54	67	0.831931
55	67	0.829715
56	67	0.826891
57	67	0.823521
58	67	0.819682
59	67	0.815465
60	66	0.803047
61	67	0.806482
62	67	0.801926
63	67	0.797367
64	67	0.792812
65	67	0.788217
66	67	0.783483
67	67	0.778463
68	67	0.772968
69	67	0.766831
70	66	0.752539
71	67	0.753383
72	67	0.747532
73	67	0.742834
74	67	0.739349
75	67	0.73707
76	67	0.735982
77	67	0.736082
78	67	0.737366
79	67	0.739769
80	66	0.735779
81	67	0.74628
82	67	0.749032
83	67	0.751159
84	67	0.752744
85	67	0.753901
86	67	0.754727
87	67	0.755293
88	67	0.755645
89	67	0.755814
90	66	0.745182
89	68	0.766616
90	67	0.755814
88	68	0.766439
87	68	0.766069
86	68	0.765471
85	68	0.764588
84	68	0.763323
83	68	0.761525
82	68	0.758948
81	68	0.755229
80	67	0.743024
79	68	0.744961
78	68	0.741377
77	68	0.739434
76	68	0.739011
75	68	0.740017
74	68	0.742427
73	68	0.746286
72	68	0.751707
71	68	0.758825
70	67	0.760107
69	68	0.776237
68	68	0.783226
67	68	0.788947
66	68	0.793905
65	68	0.798435
64	68	0.802739
63	68	0.806929
62	68	0.811055
61	68	0.815117
60	67	0.810974
59	68	0.823023
58	68	0.826717
57	68	0.830071
56	68	0.833003
55	68	0.835437
54	68	0.837296
53	68	0.838486
52	68	0.838883
51	68	0.838324
50	67	0.833787
49	68	0.835075
48	68	0.83385
47	68	0.833052
46	68	0.832609
45	68	0.832468
44	68	0.832609
43	68	0.833052
42	68	0.83385
41	68	0.835075
40	67	0.833787
39	68	0.838324
38	68	0.838883
37	68	0.838486
36	68	0.837296
35	68	0.835437
34	68	0.833003
33	68	0.830071
32	68	0.826717
31	68	0.823023
30	67	0.810974
29	68	0.815117
28	68	0.811055
27	68	0.806929
26	68	0.802739
25	68	0.798435
24	68	0.793905
23	68	0.788947
22	68	0.783226
21	68	0.776237
20	67	0.760107
19	68	0.758825
18	68	0.751707
17	68	0.746286
16	68	0.742427
15	68	0.740017
14	68	0.739011
13	68	0.739434
12	68	0.741377
11	68	0.744961
10	67	0.743024
9	68	0.755229
8	68	0.758948
7	68	0.761525
6	68	0.763323
5	68	0.764588
4	68	0.765471
3	68	0.766069
2	68	0.766439
1	68	0.766616
0	67	0.755814
1	69	0.777596
0	68	0.766616
2	69	0.777426
3	69	0.777072
4	69	0.776501
5	69	0.775655
6	69	0.774437
7	69	0.772672
8	69	0.770004
9	69	0.765594
10	68	0.750095
11	69	0.748602
12	69	0.743748
13	69	0.741265
14	69	0.740613
15	69	0.741562
16	69	0.744055
17	69	0.748176
18	69	0.754187
19	69	0.762677
20	68	0.767531
21	69	0.787362
22	69	0.794751
23	69	0.800193
24	69	0.804754
25	69	0.80888
26	69	0.81278
27	69	0.816556
28	69	0.820249
29	69	0.823859
30	68	0.81907
31	69	0.830841
32	69	0.834094
33	69	0.837041
34	69	0.839613
35	69	0.841736
36	69	0.843329
37	69	0.844285
38	69	0.844418
39	69	0.843331
40	68	0.8367
41	69	0.836561
42	69	0.834661
43	69	0.833571
44	69	0.833001
45	69	0.832824
46	69	0.833001
47	69	0.833571
48	69	0.834661
49	69	0.836561
50	68	0.8367
51	69	0.843331
52	69	0.844418
53	69	0.844285
54	69	0.843329
55	69	0.841736
56	69	0.839613
57	69	0.837041
58	69	0.834094
59	69	0.830841
60	68	0.81907
61	69	0.823859
62	69	0.820249
63	69	0.816556
64	69	0.81278
65	69	0.80888
66	69	0.804754
67	69	0.800193
68	69	0.794751
69	69	0.787362
70	68	0.767531
71	69	0.762677
72	69	0.754187
73	69	0.748176
74	69	0.744055
75	69	0.741562
76	69	0.740613
77	69	0.741265
78	69	0.743748
79	69	0.748602
80	68	0.750095
81	69	0.765594
82	69	0.770004
83	69	0.772672
84	69	0.774437
85	69	0.775655
86	69	0.776501
87	69	0.777072
88	69	0.777426
89	69	0.777596
90	68	0.766616
89	70	0.788745
90	69	0.777596
88	70	0.788598
87	70	0.788293
86	70	0.787805
85	70	0.787094
84	70	0.786098
83	70	0.784721
82	70	0.782803
81	70	0.780045
80	69	0.757098
79	70	0.748602
78	70	0.743748
77	70	0.741265
76	70	0.740613
75	70	0.741562
74	70	0.744055
73	70	0.748176
72	70	0.754187
71	70	0.762677
70	69	0.775019
69	70	0.803439
68	70	0.808224
67	70	0.812319
66	70	0.81604
65	70	0.819551
64	70	0.822944
63	70	0.826264
62	70	0.829527
61	70	0.832719
60	69	0.82735
59	70	0.838896
58	70	0.841776
57	70	0.844387
56	70	0.846671
55	70	0.848564
54	70	0.85
53	70	0.850905
52	70	0.851174
51	70	0.850637
50	69	0.839946
49	70	0.836561
48	70	0.834661
47	70	0.833571
46	70	0.833001
45	70	0.832824
44	70	0.833001
43	70	0.833571
42	70	0.834661
41	70	0.836561
40	69	0.839946
39	70	0.850637
38	70	0.851174
37	70	0.850905
36	70	0.85
35	70	0.848564
34	70	0.846671
33	70	0.844387
32	70	0.841776
31	70	0.838896
30	69	0.82735
29	70	0.832719
28	70	0.829527
27	70	0.826264
26	70	0.822944
25	70	0.819551
24	70	0.81604
23	70	0.812319
22	70	0.808224
21	70	0.803439
20	69	0.775019
19	70	0.762677
18	70	0.754187
17	70	0.748176
16	70	0.744055
15	70	0.741562
14	70	0.740613
13	70	0.741265
12	70	0.743748
11	70	0.748602
10	69	0.757098
9	70	0.780045
8	70	0.782803
7	70	0.784721
6	70	0.786098
5	70	0.787094
4	70	0.787805
3	70	0.788293
2	70	0.788598
1	70	0.788745
0	69	0.777596
1	71	0.799894
1	72	0.811167
0	71	0.799894
2	71	0.79977
2	72	0.811074
3	71	0.799513
3	72	0.810882
4	71	0.799109
4	72	0.810584
5	71	0.798533
5	72	0.81017
6	71	0.797759
6	72	0.809636
7	71	0.796771
7	72	0.809
8	71	0.795602
8	72	0.808339
9	71	0.794495
9	72	0.807839
10	71	0.794495
9	73	0.820683
10	72	0.807839
8	73	0.820914
7	73	0.821257
6	73	0.821613
5	73	0.821926
4	73	0.822176
3	73	0.822358
2	73	0.822476
1	73	0.822533
0	72	0.811167
1	74	0.833957
0	73	0.822533
2	74	0.833938
3	74	0.833898
4	74	0.833835
5	74	0.833746
6	74	0.833632
7	74	0.833501
8	74	0.833376
9	74	0.833295
10	73	0.820683
9	75	0.845827
10	74	0.833295
8	75	0.845795
7	75	0.845739
6	75	0.845667
5	75	0.845592
4	75	0.845521
3	75	0.845462
2	75	0.845421
1	75	0.845399
0	74	0.833957
1	76	0.85682
0	75	0.845399
2	76	0.856883
3	76	0.857009
4	76	0.857195
5	76	0.857432
6	76	0.857707
7	76	0.857991
8	76	0.858239
9	76	0.858391
10	75	0.845827
9	77	0.871106
10	76	0.858391
8	77	0.87078
7	77	0.870279
6	77	0.869737
5	77	0.869236
4	77	0.868817
3	77	0.868497
2	77	0.868283
1	77	0.868176
0	76	0.85682
1	78	0.879427
0	77	0.868176
2	78	0.879577
3	78	0.879879
4	78	0.880339
5	78	0.880957
6	78	0.881727
7	78	0.882608
8	78	0.883496
9	78	0.884147
10	77	0.871106
9	79	0.897839
10	78	0.884147
8	79	0.896448
7	79	0.894931
6	79	0.893604
5	79	0.892528
4	79	0.891702
3	79	0.891104
2	79	0.890717
1	79	0.890527
0	78	0.879427
1	80	0.901437
0	79	0.890527
2	80	0.901661
3	80	0.902118
4	80	0.902835
5	80	0.903851
6	80	0.905228
7	80	0.907065
8	80	0.909527
9	80	0.912921
10	79	0.897839
9	81	0.928003
9	82	0.938486
8	81	0.922606
10	81	0.938
11	81	0.947997
11	80	0.947997
11	82	0.951516
12	81	0.954475
12	80	0.954475
12	82	0.95667
13	81	0.958758
13	80	0.958758
13	82	0.960378
14	81	0.961421
14	80	0.961421
14	82	0.962778
15	81	0.962727
15	80	0.962727
15	82	0.963987
16	81	0.962773
16	80	0.962773
16	82	0.964063
17	81	0.961529
17	80	0.961529
17	82	0.962998
18	81	0.958815
18	80	0.958815
18	82	0.960728
19	81	0.954189
19	80	0.954189
19	82	0.957163
20	81	0.946589
21	81	0.938988
21	80	0.926693
21	82	0.947624
22	81	0.935049
22	80	0.924278
22	82	0.944198
23	81	0.932731
23	80	0.922701
23	82	0.941871
24	81	0.931304
24	80	0.921707
24	82	0.940324
25	81	0.930455
25	80	0.921153
25	82	0.939339
26	81	0.930025
26	80	0.920949
26	82	0.938776
27	81	0.929919
27	80	0.921028
27	82	0.938546
28	81	0.930077
28	80	0.921344
28	82	0.938588
29	81	0.930458
29	80	0.92186
29	82	0.938861
30	81	0.931034
31	81	0.93161
31	80	0.923238
31	82	0.939818
32	81	0.93235
32	80	0.924063
32	82	0.940476
33	81	0.933251
33	80	0.925017
33	82	0.941314
34	81	0.934324
34	80	0.926099
34	82	0.942347
35	81	0.935601
35	80	0.927324
35	82	0.94361
36	81	0.937144
36	80	0.928723
36	82	0.94517
37	81	0.939082
37	80	0.930354
37	82	0.947143
38	81	0.941686
38	80	0.932325
38	82	0.949722
39	81	0.945617
39	80	0.93485
39	82	0.9532
40	81	0.95273
41	81	0.959844
41	80	0.959844
41	82	0.962447
42	81	0.964354
42	80	0.964354
42	82	0.966014
43	81	0.967204
43	80	0.967204
43	82	0.96846
44	81	0.968799
44	80	0.968799
44	82	0.969879
45	81	0.969314
45	80	0.969314
45	82	0.970343
46	81	0.968799
46	80	0.968799
46	82	0.969879
47	81	0.967204
47	80	0.967204
47	82	0.96846
48	81	0.964354
48	80	0.964354
48	82	0.966014
49	81	0.959844
49	80	0.959844
49	82	0.962447
50	81	0.95273
51	81	0.945617
51	80	0.93485
51	82	0.9532
52	81	0.941686
52	80	0.932325
52	82	0.949722
53	81	0.939082
53	80	0.930354
53	82	0.947143
54	81	0.937144
54	80	0.928723
54	82	0.94517
55	81	0.935601
55	80	0.927324
55	82	0.94361
56	81	0.934324
56	80	0.926099
56	82	0.942347
57	81	0.933251
57	80	0.925017
57	82	0.941314
58	81	0.93235
58	80	0.924063
58	82	0.940476
59	81	0.93161
59	80	0.923238
59	82	0.939818
60	81	0.931034
61	81	0.930458
61	80	0.92186
61	82	0.938861
62	81	0.930077
62	80	0.921344
62	82	0.938588
63	81	0.929919
63	80	0.921028
63	82	0.938546
64	81	0.930025
64	80	0.920949
64	82	0.938776
65	81	0.930455
65	80	0.921153
65	82	0.939339
66	81	0.931304
66	80	0.921707
66	82	0.940324
67	81	0.932731
67	80	0.922701
67	82	0.941871
68	81	0.935049
68	80	0.924278
68	82	0.944198
69	81	0.938988
69	80	0.926693
69	82	0.947624
70	81	0.946589
71	81	0.954189
71	80	0.954189
71	82	0.957163
72	81	0.958815
72	80	0.958815
72	82	0.960728
73	81	0.961529
73	80	0.961529
73	82	0.962998
74	81	0.962773
74	80	0.962773
74	82	0.964063
75	81	0.962727
75	80	0.962727
75	82	0.963987
76	81	0.961421
76	80	0.961421
76	82	0.962778
77	81	0.958758
77	80	0.958758
77	82	0.960378
78	81	0.954475
78	80	0.954475
78	82	0.95667
79	81	0.947997
79	80	0.947997
79	82	0.951516
80	81	0.938
81	81	0.928003
81	80	0.912921
81	82	0.938486
82	81	0.922606
82	80	0.909527
82	82	0.933693
83	81	0.9192
83	80	0.907065
83	82	0.930274
84	81	0.916853
84	80	0.905228
84	82	0.927811
85	81	0.915174
85	80	0.903851
85	82	0.926022
86	81	0.913969
86	80	0.902835
86	82	0.924734
87	81	0.913133
87	80	0.902118
87	82	0.92384
88	81	0.912604
88	80	0.901661
88	82	0.923275
89	81	0.912348
89	80	0.901437
89	82	0.923002
90	81	0.912348
89	83	0.933382
90	82	0.923002
88	83	0.933655
87	83	0.934218
86	83	0.935104
85	83	0.936369
84	83	0.938094
83	83	0.940393
82	83	0.943406
81	83	0.947247
80	82	0.945001
79	83	0.956395
78	83	0.960311
77	83	0.963306
76	83	0.965325
75	83	0.966381
74	83	0.966493
73	83	0.965674
72	83	0.963935
71	83	0.961342
70	82	0.952393
69	83	0.954915
68	83	0.952249
67	83	0.95023
66	83	0.948781
65	83	0.9478
64	83	0.947196
63	83	0.946901
62	83	0.946867
61	83	0.947058
60	82	0.93934
59	83	0.947847
58	83	0.948423
57	83	0.949182
56	83	0.950138
55	83	0.951322
54	83	0.952784
53	83	0.954598
52	83	0.956857
51	83	0.95964
50	82	0.957824
49	83	0.966106
48	83	0.968794
47	83	0.970744
46	83	0.971913
45	83	0.972301
44	83	0.971913
43	83	0.970744
42	83	0.968794
41	83	0.966106
40	82	0.957824
39	83	0.95964
38	83	0.956857
37	83	0.954598
36	83	0.952784
35	83	0.951322
34	83	0.950138
33	83	0.949182
32	83	0.948423
31	83	0.947847
30	82	0.93934
29	83	0.947058
28	83	0.946867
27	83	0.946901
26	83	0.947196
25	83	0.9478
24	83	0.948781
23	83	0.95023
22	83	0.952249
21	83	0.954915
20	82	0.952393
19	83	0.961342
18	83	0.963935
17	83	0.965674
16	83	0.966493
15	83	0.966381
14	83	0.965325
13	83	0.963306
12	83	0.960311
11	83	0.956395
10	82	0.945001
9	83	0.947247
8	82	0.933693
8	83	0.943406
7	82	0.930274
7	81	0.9192
7	83	0.940393
6	82	0.927811
6	81	0.916853
6	83	0.938094
5	82	0.926022
5	81	0.915174
5	83	0.936369
4	82	0.924734
4	81	0.913969
4	83	0.935104
3	82	0.92384
3	81	0.913133
3	83	0.934218
2	82	0.923275
2	81	0.912604
2	83	0.933655
1	82	0.923002
1	81	0.912348
1	83	0.933382
0	82	0.923002
1	84	0.943489
0	83	0.933382
2	84	0.943746
3	84	0.944273
4	84	0.945096
5	84	0.946255
6	84	0.947802
7	84	0.949798
8	84	0.952292
9	84	0.955276
10	83	0.951821
11	84	0.961932
12	84	0.964874
13	84	0.967209
14	84	0.968835
15	84	0.969718
16	84	0.969856
17	84	0.969268
18	84	0.967997
19	84	0.966142
20	83	0.958128
21	84	0.961658
22	84	0.959652
23	84	0.958018
24	84	0.956772
25	84	0.955883
26	84	0.955306
27	84	0.954997
28	84	0.954921
29	84	0.955052
30	83	0.947452
31	84	0.955693
32	84	0.956186
33	84	0.956852
34	84	0.957702
35	84	0.958756
36	84	0.960045
37	84	0.961607
38	84	0.963471
39	84	0.965628
40	83	0.962873
41	84	0.970311
42	84	0.972312
43	84	0.97381
44	84	0.974727
45	84	0.975036
46	84	0.974727
47	84	0.97381
48	84	0.972312
49	84	0.970311
50	83	0.962873
51	84	0.965628
52	84	0.963471
53	84	0.961607
54	84	0.960045
55	84	0.958756
56	84	0.957702
57	84	0.956852
58	84	0.956186
59	84	0.955693
60	83	0.947452
61	84	0.955052
62	84	0.954921
63	84	0.954997
64	84	0.955306
65	84	0.955883
66	84	0.956772
67	84	0.958018
68	84	0.959652
69	84	0.961658
70	83	0.958128
71	84	0.966142
72	84	0.967997
73	84	0.969268
74	84	0.969856
75	84	0.969718
76	84	0.968835
77	84	0.967209
78	84	0.964874
79	84	0.961932
80	83	0.951821
81	84	0.955276
82	84	0.952292
83	84	0.949798
84	84	0.947802
85	84	0.946255
86	84	0.945096
87	84	0.944273
88	84	0.943746
89	84	0.943489
90	83	0.933382
89	85	0.953338
90	84	0.943489
88	85	0.953567
87	85	0.954032
86	85	0.954752
85	85	0.955753
84	85	0.957062
83	85	0.958706
82	85	0.960686
81	85	0.962962
80	84	0.958604
79	85	0.967854
78	85	0.970045
77	85	0.971822
76	85	0.973088
75	85	0.9738
74	85	0.973946
73	85	0.973544
72	85	0.972642
71	85	0.971329
70	84	0.9639
69	85	0.968165
68	85	0.966685
67	85	0.965417
66	85	0.964406
65	85	0.963655
64	85	0.963147
63	85	0.962858
62	85	0.962768
61	85	0.962857
60	84	0.955373
59	85	0.963368
58	85	0.963777
57	85	0.964339
56	85	0.965061
55	85	0.965954
54	85	0.967034
53	85	0.968313
52	85	0.969791
51	85	0.971431
50	84	0.967969
49	85	0.974857
48	85	0.976333
47	85	0.977455
46	85	0.978151
45	85	0.978387
44	85	0.978151
43	85	0.977455
42	85	0.976333
41	85	0.974857
40	84	0.967969
39	85	0.971431
38	85	0.969791
37	85	0.968313
36	85	0.967034
35	85	0.965954
34	85	0.965061
33	85	0.964339
32	85	0.963777
31	85	0.963368
30	84	0.955373
29	85	0.962857
28	85	0.962768
27	85	0.962858
26	85	0.963147
25	85	0.963655
24	85	0.964406
23	85	0.965417
22	85	0.966685
21	85	0.968165
20	84	0.9639
19	85	0.971329
18	85	0.972642
17	85	0.973544
16	85	0.973946
15	85	0.9738
14	85	0.973088
13	85	0.971822
12	85	0.970045
11	85	0.967854
10	84	0.958604
9	85	0.962962
8	85	0.960686
7	85	0.958706
6	85	0.957062
5	85	0.955753
4	85	0.954752
3	85	0.954032
2	85	0.953567
1	85	0.953338
0	84	0.943489
1	86	0.96296
0	85	0.953338
2	86	0.96315
3	86	0.963536
4	86	0.964129
5	86	0.964942
6	86	0.965989
7	86	0.967275
8	86	0.968786
9	86	0.970476
10	85	0.965408
11	86	0.97403
12	86	0.975631
13	86	0.976944
14	86	0.977896
15	86	0.978447
16	86	0.978584
17	86	0.978321
18	86	0.977698
19	86	0.976785
20	85	0.969747
21	86	0.974571
22	86	0.973504
23	86	0.972559
24	86	0.971781
25	86	0.971184
26	86	0.970768
27	86	0.970523
28	86	0.970435
29	86	0.970495
30	85	0.963112
31	86	0.970889
32	86	0.971214
33	86	0.971667
34	86	0.972249
35	86	0.972967
36	86	0.973824
37	86	0.974822
38	86	0.975947
39	86	0.977163
40	85	0.973144
41	86	0.97964
42	86	0.980708
43	86	0.981525
44	86	0.982036
45	86	0.98221
46	86	0.982036
47	86	0.981525
48	86	0.980708
49	86	0.97964
50	85	0.973144
51	86	0.977163
52	86	0.975947
53	86	0.974822
54	86	0.973824
55	86	0.972967
56	86	0.972249
57	86	0.971667
58	86	0.971214
59	86	0.970889
60	85	0.963112
61	86	0.970495
62	86	0.970435
63	86	0.970523
64	86	0.970768
65	86	0.971184
66	86	0.971781
67	86	0.972559
68	86	0.973504
69	86	0.974571
70	85	0.969747
71	86	0.976785
72	86	0.977698
73	86	0.978321
74	86	0.978584
75	86	0.978447
76	86	0.977896
77	86	0.976944
78	86	0.975631
79	86	0.97403
80	85	0.965408
81	86	0.970476
82	86	0.968786
83	86	0.967275
84	86	0.965989
85	86	0.964942
86	86	0.964129
87	86	0.963536
88	86	0.96315
89	86	0.96296
90	85	0.953338
89	87	0.972391
90	86	0.96296
88	87	0.972537
87	87	0.972833
86	87	0.973284
85	87	0.973897
84	87	0.974677
83	87	0.975619
82	87	0.976708
81	87	0.977904
80	86	0.972253
79	87	0.980384
78	87	0.981503
77	87	0.982428
76	87	0.983106
75	87	0.983507
74	87	0.983621
73	87	0.983457
72	87	0.983045
71	87	0.982433
70	86	0.975678
69	87	0.980938
68	87	0.980202
67	87	0.979535
66	87	0.978973
65	87	0.978533
64	87	0.978219
63	87	0.978029
62	87	0.977956
61	87	0.977994
60	86	0.970692
59	87	0.978282
58	87	0.978525
57	87	0.978864
56	87	0.979302
55	87	0.979838
54	87	0.980474
53	87	0.981204
52	87	0.982013
51	87	0.982871
50	86	0.978401
49	87	0.984593
48	87	0.985334
47	87	0.985902
46	87	0.986259
45	87	0.98638
44	87	0.986259
43	87	0.985902
42	87	0.985334
41	87	0.984593
40	86	0.978401
39	87	0.982871
38	87	0.982013
37	87	0.981204
36	87	0.980474
35	87	0.979838
34	87	0.979302
33	87	0.978864
32	87	0.978525
31	87	0.978282
30	86	0.970692
29	87	0.977994
28	87	0.977956
27	87	0.978029
26	87	0.978219
25	87	0.978533
24	87	0.978973
23	87	0.979535
22	87	0.980202
21	87	0.980938
20	86	0.975678
19	87	0.982433
18	87	0.983045
17	87	0.983457
16	87	0.983621
15	87	0.983507
14	87	0.983106
13	87	0.982428
12	87	0.981503
11	87	0.980384
10	86	0.972253
9	87	0.977904
8	87	0.976708
7	87	0.975619
6	87	0.974677
5	87	0.973897
4	87	0.973284
3	87	0.972833
2	87	0.972537
1	87	0.972391
0	86	0.96296
1	88	0.981677
0	87	0.972391
2	88	0.981776
3	88	0.981975
4	88	0.982278
5	88	0.982686
6	88	0.983202
7	88	0.983818
8	88	0.984522
9	88	0.985286
10	87	0.979144
11	88	0.986859
12	88	0.987569
13	88	0.988158
14	88	0.988594
15	88	0.988855
16	88	0.988936
17	88	0.988843
18	88	0.988593
19	88	0.988217
20	87	0.981685
21	88	0.987292
22	88	0.986831
23	88	0.986407
24	88	0.986044
25	88	0.985755
26	88	0.985546
27	88	0.985417
28	88	0.985366
29	88	0.985389
30	87	0.978138
31	88	0.985577
32	88	0.985738
33	88	0.985964
34	88	0.986255
35	88	0.986611
36	88	0.98703
37	88	0.987507
38	88	0.988029
39	88	0.988577
40	87	0.983732
41	88	0.989665
42	88	0.990132
43	88	0.990491
44	88	0.990716
45	88	0.990793
46	88	0.990716
47	88	0.990491
48	88	0.990132
49	88	0.989665
50	87	0.983732
51	88	0.988577
52	88	0.988029
53	88	0.987507
54	88	0.98703
55	88	0.986611
56	88	0.986255
57	88	0.985964
58	88	0.985738
59	88	0.985577
60	87	0.978138
61	88	0.985389
62	88	0.985366
63	88	0.985417
64	88	0.985546
65	88	0.985755
66	88	0.986044
67	88	0.986407
68	88	0.986831
69	88	0.987292
70	87	0.981685
71	88	0.988217
72	88	0.988593
73	88	0.988843
74	88	0.988936
75	88	0.988855
76	88	0.988594
77	88	0.988158
78	88	0.987569
79	88	0.986859
80	87	0.979144
81	88	0.985286
82	88	0.984522
83	88	0.983818
84	88	0.983202
85	88	0.982686
86	88	0.982278
87	88	0.981975
88	88	0.981776
89	88	0.981677
90	87	0.972391
89	89	0.990863
90	88	0.981677
88	89	0.990913
87	89	0.991013
86	89	0.991165
85	89	0.991369
84	89	0.991625
83	89	0.991929
82	89	0.992275
81	89	0.992648
80	88	0.986073
79	89	0.993411
78	89	0.993756
77	89	0.994042
76	89	0.994255
75	89	0.994384
74	89	0.994426
73	89	0.994384
72	89	0.994266
71	89	0.994087
70	88	0.987755
69	89	0.993646
68	89	0.993424
67	89	0.993217
66	89	0.993039
65	89	0.992897
64	89	0.992793
63	89	0.992728
62	89	0.992701
61	89	0.992712
60	88	0.985483
59	89	0.992805
58	89	0.992885
57	89	0.992998
56	89	0.993143
55	89	0.993321
54	89	0.993529
53	89	0.993764
52	89	0.99402
51	89	0.994287
50	88	0.989121
49	89	0.994814
48	89	0.99504
47	89	0.995213
46	89	0.995322
45	89	0.995359
44	89	0.995322
43	89	0.995213
42	89	0.99504
41	89	0.994814
40	88	0.989121
39	89	0.994287
38	89	0.99402
37	89	0.993764
36	89	0.993529
35	89	0.993321
34	89	0.993143
33	89	0.992998
32	89	0.992885
31	89	0.992805
30	88	0.985483
29	89	0.992712
28	89	0.992701
27	89	0.992728
26	89	0.992793
25	89	0.992897
24	89	0.993039
23	89	0.993217
22	89	0.993424
21	89	0.993646
20	88	0.987755
19	89	0.994087
18	89	0.994266
17	89	0.994384
16	89	0.994426
15	89	0.994384
14	89	0.994255
13	89	0.994042
12	89	0.993756
11	89	0.993411
10	88	0.986073
9	89	0.992648
8	89	0.992275
7	89	0.991929
6	89	0.991625
5	89	0.991369
4	89	0.991165
3	89	0.991013
2	89	0.990913
1	89	0.990863
0	88	0.981677
0	89	0.990863
10	89	0.993029
20	89	0.993866
30	89	0.992759
40	89	0.99455
50	89	0.99455
60	89	0.992759
70	89	0.993866
80	89	0.993029
90	89	0.990863
0	81	0.912348
89	79	0.890527
89	78	0.879427
88	79	0.890717
90	79	0.890527
88	78	0.879577
87	79	0.891104
87	78	0.879879
86	79	0.891702
86	78	0.880339
85	79	0.892528
85	78	0.880957
84	79	0.893604
84	78	0.881727
83	79	0.894931
83	78	0.882608
82	79	0.896448
82	78	0.883496
81	79	0.897839
81	78	0.884147
80	79	0.897839
81	77	0.871106
80	78	0.884147
82	77	0.87078
83	77	0.870279
84	77	0.869737
85	77	0.869236
86	77	0.868817
87	77	0.868497
88	77	0.868283
89	77	0.868176
90	78	0.879427
89	76	0.85682
90	77	0.868176
88	76	0.856883
87	76	0.857009
86	76	0.857195
85	76	0.857432
84	76	0.857707
83	76	0.857991
82	76	0.858239
81	76	0.858391
80	77	0.871106
81	75	0.845827
80	76	0.858391
82	75	0.845795
83	75	0.845739
84	75	0.845667
85	75	0.845592
86	75	0.845521
87	75	0.845462
88	75	0.845421
89	75	0.845399
90	76	0.85682
89	74	0.833957
90	75	0.845399
88	74	0.833938
87	74	0.833898
86	74	0.833835
85	74	0.833746
84	74	0.833632
83	74	0.833501
82	74	0.833376
81	74	0.833295
80	75	0.845827
81	73	0.820683
80	74	0.833295
82	73	0.820914
83	73	0.821257
84	73	0.821613
85	73	0.821926
86	73	0.822176
87	73	0.822358
88	73	0.822476
89	73	0.822533
90	74	0.833957
89	72	0.811167
90	73	0.822533
88	72	0.811074
87	72	0.810882
86	72	0.810584
85	72	0.81017
84	72	0.809636
83	72	0.809
82	72	0.808339
81	72	0.807839
80	73	0.820683
81	71	0.794495
80	72	0.807839
82	71	0.795602
83	71	0.796771
84	71	0.797759
85	71	0.798533
86	71	0.799109
87	71	0.799513
88	71	0.79977
89	71	0.799894
90	72	0.811167
90	71	0.799894
80	71	0.794495
69	79	0.914397
69	78	0.902991
68	79	0.913507
70	79	0.914397
68	78	0.902682
67	79	0.912671
67	78	0.902366
66	79	0.91211
66	78	0.902209
65	79	0.911851
65	78	0.90227
64	79	0.911872
64	78	0.902552
63	79	0.912137
63	78	0.903038
62	79	0.912611
62	78	0.903701
61	79	0.913262
61	78	0.904513
60	79	0.914064
59	79	0.914865
59	78	0.906383
58	79	0.915776
58	78	0.907395
57	79	0.916782
57	78	0.908462
56	79	0.917874
56	78	0.909567
55	79	0.919048
55	78	0.910692
54	79	0.920302
54	78	0.911812
53	79	0.921626
53	78	0.912884
52	79	0.922963
52	78	0.913819
51	79	0.924084
51	78	0.914437
50	79	0.924084
51	77	0.905408
50	78	0.914437
52	77	0.904994
53	77	0.904278
54	77	0.903369
55	77	0.90234
56	77	0.901241
57	77	0.900104
58	77	0.898957
59	77	0.897825
60	78	0.905448
61	77	0.895641
62	77	0.894641
63	77	0.893761
64	77	0.893028
65	77	0.892466
66	77	0.892092
67	77	0.891902
68	77	0.891863
69	77	0.891894
70	78	0.902991
69	76	0.880828
70	77	0.891894
68	76	0.880974
67	76	0.881288
66	76	0.881789
65	76	0.882476
64	76	0.883333
63	76	0.884338
62	76	0.885462
61	76	0.886677
60	77	0.896733
59	76	0.889227
58	76	0.890505
57	76	0.891756
56	76	0.892951
55	76	0.894059
54	76	0.895045
53	76	0.895866
52	76	0.896469
51	76	0.896795
50	77	0.905408
51	75	0.888506
50	76	0.896795
52	75	0.888222
53	75	0.887672
54	75	0.886887
55	75	0.885901
56	75	0.884749
57	75	0.883464
58	75	0.882079
59	75	0.880627
60	76	0.887952
61	75	0.877651
62	75	0.876193
63	75	0.874795
64	75	0.873491
65	75	0.872314
66	75	0.871301
67	75	0.870488
68	75	0.869915
69	75	0.869618
70	76	0.880828
69	74	0.858109
70	75	0.869618
68	74	0.858582
67	74	0.859449
66	74	0.860612
65	74	0.86199
64	74	0.863521
63	74	0.865158
62	74	0.866862
61	74	0.868597
60	75	0.879139
59	74	0.872061
58	74	0.873721
57	74	0.875271
56	74	0.876679
55	74	0.877909
54	74	0.878929
53	74	0.879713
52	74	0.88024
51	74	0.880502
50	75	0.888506
51	73	0.872761
50	74	0.880502
52	73	0.872522
53	73	0.87201
54	73	0.871209
55	73	0.870127
56	73	0.868787
57	73	0.867223
58	73	0.86547
59	73	0.863569
60	74	0.870329
61	73	0.859546
62	73	0.8575
63	73	0.855454
64	73	0.853445
65	73	0.851512
66	73	0.849708
67	73	0.848113
68	73	0.846856
69	73	0.846126
70	74	0.858109
69	72	0.833415
70	73	0.846126
68	72	0.834601
67	72	0.836438
66	72	0.838594
65	72	0.840906
64	72	0.843293
63	72	0.845714
62	72	0.848137
61	72	0.850531
60	73	0.861558
59	72	0.855187
58	72	0.857369
57	72	0.859361
56	72	0.86112
55	72	0.862602
54	72	0.863769
53	72	0.864595
52	72	0.865077
51	72	0.86526
50	73	0.872761
51	71	0.857942
50	72	0.86526
52	71	0.857929
53	71	0.857525
54	71	0.856672
55	71	0.855391
56	71	0.853729
57	71	0.851734
58	71	0.849458
59	71	0.846952
60	72	0.852859
61	71	0.84158
62	71	0.838804
63	71	0.835973
64	71	0.833108
65	71	0.830223
66	71	0.827325
67	71	0.824445
68	71	0.821697
69	71	0.819517
70	72	0.833415
70	71	0.819517
60	71	0.844266
50	71	0.857942
39	79	0.924084
39	78	0.914437
38	79	0.922963
40	79	0.924084
38	78	0.913819
37	79	0.921626
37	78	0.912884
36	79	0.920302
36	78	0.911812
35	79	0.919048
35	78	0.910692
34	79	0.917874
34	78	0.909567
33	79	0.916782
33	78	0.908462
32	79	0.915776
32	78	0.907395
31	79	0.914865
31	78	0.906383
30	79	0.914064
29	79	0.913262
29	78	0.904513
28	79	0.912611
28	78	0.903701
27	79	0.912137
27	78	0.903038
26	79	0.911872
26	78	0.902552
25	79	0.911851
25	78	0.90227
24	79	0.91211
24	78	0.902209
23	79	0.912671
23	78	0.902366
22	79	0.913507
22	78	0.902682
21	79	0.914397
21	78	0.902991
20	79	0.914397
21	77	0.891894
20	78	0.902991
22	77	0.891863
23	77	0.891902
24	77	0.892092
25	77	0.892466
26	77	0.893028
27	77	0.893761
28	77	0.894641
29	77	0.895641
30	78	0.905448
31	77	0.897825
32	77	0.898957
33	77	0.900104
34	77	0.901241
35	77	0.90234
36	77	0.903369
37	77	0.904278
38	77	0.904994
39	77	0.905408
40	78	0.914437
39	76	0.896795
40	77	0.905408
38	76	0.896469
37	76	0.895866
36	76	0.895045
35	76	0.894059
34	76	0.892951
33	76	0.891756
32	76	0.890505
31	76	0.889227
30	77	0.896733
29	76	0.886677
28	76	0.885462
27	76	0.884338
26	76	0.883333
25	76	0.882476
24	76	0.881789
23	76	0.881288
22	76	0.880974
21	76	0.880828
20	77	0.891894
21	75	0.869618
20	76	0.880828
22	75	0.869915
23	75	0.870488
24	75	0.871301
25	75	0.872314
26	75	0.873491
27	75	0.874795
28	75	0.876193
29	75	0.877651
30	76	0.887952
31	75	0.880627
32	75	0.882079
33	75	0.883464
34	75	0.884749
35	75	0.885901
36	75	0.886887
37	75	0.887672
38	75	0.888222
39	75	0.888506
40	76	0.896795
39	74	0.880502
40	75	0.888506
38	74	0.88024
37	74	0.879713
36	74	0.878929
35	74	0.877909
34	74	0.876679
33	74	0.875271
32	74	0.873721
31	74	0.872061
30	75	0.879139
29	74	0.868597
28	74	0.866862
27	74	0.865158
26	74	0.863521
25	74	0.86199
24	74	0.860612
23	74	0.859449
22	74	0.858582
21	74	0.858109
20	75	0.869618
21	73	0.846126
20	74	0.858109
22	73	0.846856
23	73	0.848113
24	73	0.849708
25	73	0.851512
26	73	0.853445
27	73	0.855454
28	73	0.8575
29	73	0.859546
30	74	0.870329
31	73	0.863569
32	73	0.86547
33	73	0.867223
34	73	0.868787
35	73	0.870127
36	73	0.871209
37	73	0.87201
38	73	0.872522
39	73	0.872761
40	74	0.880502
39	72	0.86526
40	73	0.872761
38	72	0.865077
37	72	0.864595
36	72	0.863769
35	72	0.862602
34	72	0.86112
33	72	0.859361
32	72	0.857369
31	72	0.855187
30	73	0.861558
29	72	0.850531
28	72	0.848137
27	72	0.845714
26	72	0.843293
25	72	0.840906
24	72	0.838594
23	72	0.836438
22	72	0.834601
21	72	0.833415
20	73	0.846126
21	71	0.819517
20	72	0.833415
22	71	0.821697
23	71	0.824445
24	71	0.827325
25	71	0.830223
26	71	0.833108
27	71	0.835973
28	71	0.838804
29	71	0.84158
30	72	0.852859
31	71	0.846952
32	71	0.849458
33	71	0.851734
34	71	0.853729
35	71	0.855391
36	71	0.856672
37	71	0.857525
38	71	0.857929
39	71	0.857942
40	72	0.86526
40	71	0.857942
30	71	0.844266
20	71	0.819517
1	59	0.67276
1	58	0.662239
0	59	0.67276
2	59	0.672925
2	58	0.662453
3	59	0.673257
3	58	0.662883
4	59	0.673757
4	58	0.663532
5	59	0.674423
5	58	0.6644
6	59	0.675254
6	58	0.665487
7	59	0.676242
7	58	0.666783
8	59	0.677374
8	58	0.668264
9	59	0.678627
9	58	0.669894
10	59	0.679971
11	59	0.681315
11	58	0.673338
12	59	0.682676
12	58	0.675016
13	59	0.684023
13	58	0.676587
14	59	0.68533
14	58	0.678006
15	59	0.686582
15	58	0.679245
16	59	0.687778
16	58	0.680293
17	59	0.688927
17	58	0.681165
18	59	0.690053
18	58	0.68189
19	59	0.691188
19	58	0.682523
20	59	0.692379
21	59	0.693569
21	58	0.683737
22	59	0.694919
22	58	0.684471
23	59	0.696475
23	58	0.685394
24	59	0.69828
24	58	0.686544
25	59	0.700367
25	58	0.687934
26	59	0.702752
26	58	0.689537
27	59	0.705412
27	58	0.691263
28	59	0.708206
28	58	0.692911
29	59	0.710593
29	58	0.694066
30	59	0.710593
29	57	0.678694
30	58	0.694066
28	57	0.678108
27	57	0.677193
26	57	0.676197
25	57	0.675289
24	57	0.67457
23	57	0.674085
22	57	0.673834
21	57	0.673777
20	58	0.68313
19	57	0.673883
18	57	0.673822
17	57	0.673547
16	57	0.672986
15	57	0.672096
14	57	0.670864
13	57	0.669304
12	57	0.667461
11	57	0.665406
10	58	0.671616
9	57	0.661068
8	57	0.659007
7	57	0.657137
6	57	0.655512
5	57	0.65416
4	57	0.653086
3	57	0.65229
2	57	0.651764
1	57	0.651503
0	58	0.662239
1	56	0.640507
0	57	0.651503
2	56	0.640811
3	56	0.641426
4	56	0.642364
5	56	0.643639
6	56	0.645266
7	56	0.647246
8	56	0.649557
9	56	0.652136
10	57	0.663237
11	56	0.657587
12	56	0.660117
13	56	0.662305
14	56	0.664049
15	56	0.665291
16	56	0.666008
17	56	0.666216
18	56	0.665966
19	56	0.665357
20	57	0.67383
21	56	0.663707
22	56	0.663005
23	56	0.662541
24	56	0.662361
25	56	0.662455
26	56	0.662768
27	56	0.663205
28	56	0.663634
29	56	0.663908
30	57	0.678694
29	55	0.649396
30	56	0.663908
28	55	0.649316
27	55	0.649223
26	55	0.649217
25	55	0.649403
24	55	0.649878
23	55	0.650713
22	55	0.651939
21	55	0.653512
20	56	0.664532
19	55	0.657049
18	55	0.65847
17	55	0.659341
16	55	0.65954
15	55	0.659009
14	55	0.657737
13	55	0.655749
12	55	0.653115
11	55	0.649965
10	56	0.654861
9	55	0.643056
8	55	0.639839
7	55	0.637023
6	55	0.634666
5	55	0.632768
4	55	0.631304
3	55	0.63024
2	55	0.629548
1	55	0.629207
0	56	0.640507
1	54	0.617566
0	55	0.629207
2	54	0.617933
3	54	0.618681
4	54	0.619843
5	54	0.621464
6	54	0.623606
7	54	0.626341
8	54	0.629723
9	54	0.633737
10	55	0.64651
11	54	0.642649
12	54	0.646628
13	54	0.649839
14	54	0.65214
15	54	0.653469
16	54	0.653801
17	54	0.653139
18	54	0.651525
19	54	0.649086
20	55	0.65528
21	54	0.643123
22	54	0.640524
23	54	0.638494
24	54	0.637034
25	54	0.636062
26	54	0.635472
27	54	0.635155
28	54	0.635012
29	54	0.634963
30	55	0.649396
29	53	0.620481
30	54	0.634963
28	53	0.620613
27	53	0.620914
26	53	0.621455
25	53	0.62234
24	53	0.623701
23	53	0.625706
22	53	0.628541
21	53	0.632352
20	54	0.646105
19	53	0.641667
18	53	0.645404
17	53	0.647888
16	53	0.649057
15	53	0.648925
14	53	0.647517
13	53	0.64484
12	53	0.640908
11	53	0.635811
10	54	0.638193
9	53	0.623976
8	53	0.618973
7	53	0.615011
6	53	0.611955
5	53	0.609638
4	53	0.607922
3	53	0.60671
2	53	0.605936
1	53	0.605558
0	54	0.617566
1	52	0.593172
0	53	0.605558
2	52	0.593542
3	52	0.594302
4	52	0.595498
5	52	0.59721
6	52	0.599566
7	52	0.602776
8	52	0.607184
9	52	0.613299
10	53	0.629893
11	52	0.629792
12	52	0.636352
13	52	0.641096
14	52	0.644162
15	52	0.645659
16	52	0.645612
17	52	0.643954
18	52	0.640535
19	52	0.635169
20	53	0.63701
21	52	0.620734
22	52	0.615582
23	52	0.612086
24	52	0.609726
25	52	0.608141
26	52	0.607095
27	52	0.606431
28	52	0.606045
29	52	0.605868
30	53	0.620481
29	51	0.591078
30	52	0.605868
28	51	0.591267
27	51	0.591672
26	51	0.592351
25	51	0.593402
24	51	0.594976
23	51	0.59733
22	51	0.600968
21	51	0.607051
20	52	0.627952
19	51	0.630523
18	51	0.637613
17	51	0.641781
16	51	0.643777
15	51	0.643937
14	51	0.642376
13	51	0.639028
12	51	0.633614
11	51	0.625461
10	52	0.621546
9	51	0.600492
8	51	0.593686
7	51	0.589344
6	51	0.586321
5	51	0.584138
4	51	0.582559
3	51	0.581457
2	51	0.580757
1	51	0.580417
0	52	0.593172
1	50	0.567321
0	51	0.580417
2	50	0.567613
3	50	0.56821
4	50	0.569144
5	50	0.570461
6	50	0.572238
7	50	0.574593
8	50	0.577725
9	50	0.582005
10	51	0.612976
11	50	0.625461
12	50	0.633614
13	50	0.639028
14	50	0.642376
15	50	0.643937
16	50	0.643777
17	50	0.641781
18	50	0.637613
19	50	0.630523
20	51	0.618787
21	50	0.587713
22	50	0.58391
23	50	0.581291
24	50	0.579444
25	50	0.578141
26	50	0.577238
27	50	0.576637
28	50	0.576272
29	50	0.576101
30	51	0.591078
29	49	0.561123
29	48	0.545989
28	49	0.561278
30	49	0.561123
28	48	0.546114
27	49	0.561602
27	48	0.546371
26	49	0.562124
26	48	0.546775
25	49	0.562879
25	48	0.547341
24	49	0.563913
24	48	0.548075
23	49	0.565252
23	48	0.548952
22	49	0.566851
22	48	0.549868
21	49	0.568375
21	48	0.550561
20	49	0.568375
21	47	0.533441
20	48	0.550561
22	47	0.533109
23	47	0.532613
24	47	0.532095
25	47	0.531634
26	47	0.531264
27	47	0.530993
28	47	0.530817
29	47	0.530731
30	48	0.545989
29	46	0.515388
30	47	0.530731
28	46	0.515431
27	46	0.51552
26	46	0.515655
25	46	0.515837
24	46	0.516057
23	46	0.516296
22	46	0.516514
21	46	0.516652
20	47	0.533441
21	45	0.5
20	46	0.516652
22	45	0.5
23	45	0.5
24	45	0.5
25	45	0.5
26	45	0.5
27	45	0.5
28	45	0.5
29	45	0.5
30	46	0.515388
29	44	0.484612
30	45	0.5
28	44	0.484569
27	44	0.48448
26	44	0.484345
25	44	0.484163
24	44	0.483943
23	44	0.483704
22	44	0.483486
21	44	0.483348
20	45	0.5
21	43	0.466559
20	44	0.483348
22	43	0.466891
23	43	0.467387
24	43	0.467905
25	43	0.468366
26	43	0.468736
27	43	0.469007
28	43	0.469183
29	43	0.469269
30	44	0.484612
29	42	0.454011
30	43	0.469269
28	42	0.453886
27	42	0.453629
26	42	0.453225
25	42	0.452659
24	42	0.451925
23	42	0.451048
22	42	0.450132
21	42	0.449439
20	43	0.466559
21	41	0.431625
20	42	0.449439
22	41	0.433149
23	41	0.434748
24	41	0.436087
25	41	0.437121
26	41	0.437876
27	41	0.438398
28	41	0.438722
29	41	0.438877
30	42	0.454011
29	40	0.423899
30	41	0.438877
28	40	0.423728
27	40	0.423363
26	40	0.422762
25	40	0.421859
24	40	0.420556
23	40	0.418709
22	40	0.41609
21	40	0.412287
20	41	0.431625
21	39	0.392949
21	38	0.379266
20	39	0.381213
22	39	0.399032
22	38	0.384418
23	39	0.40267
23	38	0.387914
24	39	0.405024
24	38	0.390274
25	39	0.406598
25	38	0.391859
26	39	0.407649
26	38	0.392905
27	39	0.408328
27	38	0.393569
28	39	0.408733
28	38	0.393955
29	39	0.408922
29	38	0.394132
30	39	0.408922
29	37	0.379519
30	38	0.394132
28	37	0.379387
27	37	0.379086
26	37	0.378545
25	37	0.37766
24	37	0.376299
23	37	0.374294
22	37	0.371459
21	37	0.367648
20	38	0.372048
19	38	0.364831
19	37	0.358333
19	39	0.369477
18	38	0.359465
18	37	0.354596
18	39	0.362387
17	38	0.356046
17	37	0.352112
17	39	0.358219
16	38	0.354388
16	37	0.350943
16	39	0.356223
15	38	0.354341
15	37	0.351075
15	39	0.356063
14	38	0.355838
14	37	0.352483
14	39	0.357624
13	38	0.358904
13	37	0.35516
13	39	0.360972
12	38	0.363648
12	37	0.359092
12	39	0.366386
11	38	0.370208
11	37	0.364189
11	39	0.374539
10	38	0.378454
9	38	0.386701
9	37	0.376024
9	39	0.399508
8	38	0.392816
8	37	0.381027
8	39	0.406314
7	38	0.397224
7	37	0.384989
7	39	0.410656
6	38	0.400434
6	37	0.388045
6	39	0.413679
5	38	0.40279
5	37	0.390362
5	39	0.415862
4	38	0.404502
4	37	0.392078
4	39	0.417441
3	38	0.405698
3	37	0.39329
3	39	0.418543
2	38	0.406458
2	37	0.394064
2	39	0.419243
1	38	0.406828
1	37	0.394442
1	39	0.419583
0	38	0.406828
1	40	0.432679
0	39	0.419583
2	40	0.432387
3	40	0.43179
4	40	0.430856
5	40	0.429539
6	40	0.427762
7	40	0.425407
8	40	0.422275
9	40	0.417995
10	39	0.387024
11	40	0.374539
12	40	0.366386
13	40	0.360972
14	40	0.357624
15	40	0.356063
16	40	0.356223
17	40	0.358219
18	40	0.362387
19	40	0.369477
9	41	0.436482
9	42	0.453214
8	41	0.438236
10	41	0.436482
8	42	0.45403
7	41	0.440158
7	42	0.455143
6	41	0.441846
6	42	0.456247
5	41	0.443216
5	42	0.457208
4	41	0.444272
4	42	0.45798
3	41	0.445036
3	42	0.458552
2	41	0.445531
2	42	0.458928
1	41	0.445775
1	42	0.459114
0	41	0.445775
1	43	0.472639
0	42	0.459114
2	43	0.472514
3	43	0.472263
4	43	0.471887
5	43	0.471389
6	43	0.47079
7	43	0.470136
8	43	0.469528
9	43	0.46913
10	42	0.453214
9	44	0.484648
10	43	0.46913
8	44	0.484815
7	44	0.485085
6	44	0.485387
5	44	0.485673
4	44	0.485915
3	44	0.486101
2	44	0.486226
1	44	0.486288
0	43	0.472639
1	45	0.5
0	44	0.486288
2	45	0.5
3	45	0.5
4	45	0.5
5	45	0.5
6	45	0.5
7	45	0.5
8	45	0.5
9	45	0.5
10	44	0.484648
9	46	0.515352
10	45	0.5
8	46	0.515185
7	46	0.514915
6	46	0.514613
5	46	0.514327
4	46	0.514085
3	46	0.513899
2	46	0.513774
1	46	0.513712
0	45	0.5
1	47	0.527361
0	46	0.513712
2	47	0.527486
3	47	0.527737
4	47	0.528113
5	47	0.528611
6	47	0.52921
7	47	0.529864
8	47	0.530472
9	47	0.53087
10	46	0.515352
9	48	0.546786
10	47	0.53087
8	48	0.54597
7	48	0.544857
6	48	0.543753
5	48	0.542792
4	48	0.54202
3	48	0.541448
2	48	0.541072
1	48	0.540886
0	47	0.527361
1	49	0.554225
0	48	0.540886
2	49	0.554469
3	49	0.554964
4	49	0.555728
5	49	0.556784
6	49	0.558154
7	49	0.559842
8	49	0.561764
9	49	0.563518
10	48	0.546786
10	49	0.563518
0	49	0.554225
1	36	0.382434
0	37	0.394442
2	36	0.382067
3	36	0.381319
4	36	0.380157
5	36	0.378536
6	36	0.376394
7	36	0.373659
8	36	0.370277
9	36	0.366263
10	37	0.370107
11	36	0.357351
12	36	0.353372
13	36	0.350161
14	36	0.34786
15	36	0.346531
16	36	0.346199
17	36	0.346861
18	36	0.348475
19	36	0.350914
20	37	0.36299
21	36	0.356877
22	36	0.359476
23	36	0.361506
24	36	0.362966
25	36	0.363938
26	36	0.364528
27	36	0.364845
28	36	0.364988
29	36	0.365037
30	37	0.379519
29	35	0.350604
30	36	0.365037
28	35	0.350684
27	35	0.350777
26	35	0.350783
25	35	0.350597
24	35	0.350122
23	35	0.349287
22	35	0.348061
21	35	0.346488
20	36	0.353895
19	35	0.342951
18	35	0.34153
17	35	0.340659
16	35	0.34046
15	35	0.340991
14	35	0.342263
13	35	0.344251
12	35	0.346885
11	35	0.350035
10	36	0.361807
9	35	0.356944
8	35	0.360161
7	35	0.362977
6	35	0.365334
5	35	0.367232
4	35	0.368696
3	35	0.36976
2	35	0.370452
1	35	0.370793
0	36	0.382434
1	34	0.359493
0	35	0.370793
2	34	0.359189
3	34	0.358574
4	34	0.357636
5	34	0.356361
6	34	0.354734
7	34	0.352754
8	34	0.350443
9	34	0.347864
10	35	0.35349
11	34	0.342413
12	34	0.339883
13	34	0.337695
14	34	0.335951
15	34	0.334709
16	34	0.333992
17	34	0.333784
18	34	0.334034
19	34	0.334643
20	35	0.34472
21	34	0.336293
22	34	0.336995
23	34	0.337459
24	34	0.337639
25	34	0.337545
26	34	0.337232
27	34	0.336795
28	34	0.336366
29	34	0.336092
30	35	0.350604
29	33	0.321306
30	34	0.336092
28	33	0.321892
27	33	0.322807
26	33	0.323803
25	33	0.324711
24	33	0.32543
23	33	0.325915
22	33	0.326166
21	33	0.326223
20	34	0.335468
19	33	0.326117
18	33	0.326178
17	33	0.326453
16	33	0.327014
15	33	0.327904
14	33	0.329136
13	33	0.330696
12	33	0.332539
11	33	0.334594
10	34	0.345139
9	33	0.338932
8	33	0.340993
7	33	0.342863
6	33	0.344488
5	33	0.34584
4	33	0.346914
3	33	0.34771
2	33	0.348236
1	33	0.348497
0	34	0.359493
1	32	0.337761
0	33	0.348497
2	32	0.337547
3	32	0.337117
4	32	0.336468
5	32	0.3356
6	32	0.334513
7	32	0.333217
8	32	0.331736
9	32	0.330106
10	33	0.336763
11	32	0.326662
12	32	0.324984
13	32	0.323413
14	32	0.321994
15	32	0.320755
16	32	0.319707
17	32	0.318835
18	32	0.31811
19	32	0.317477
20	33	0.32617
21	32	0.316263
22	32	0.315529
23	32	0.314606
24	32	0.313456
25	32	0.312066
26	32	0.310463
27	32	0.308737
28	32	0.307089
29	32	0.305934
30	33	0.321306
29	31	0.289407
30	32	0.305934
28	31	0.291794
27	31	0.294588
26	31	0.297248
25	31	0.299633
24	31	0.30172
23	31	0.303525
22	31	0.305081
21	31	0.306431
20	32	0.31687
19	31	0.308812
18	31	0.309947
17	31	0.311073
16	31	0.312222
15	31	0.313418
14	31	0.31467
13	31	0.315977
12	31	0.317324
11	31	0.318685
10	32	0.328384
9	31	0.321373
8	31	0.322626
7	31	0.323758
6	31	0.324746
5	31	0.325577
4	31	0.326243
3	31	0.326743
2	31	0.327075
1	31	0.32724
0	32	0.337761
0	31	0.32724
10	31	0.320029
20	31	0.307621
30	31	0.289407
60	51	0.591078
89	49	0.554225
89	48	0.540886
88	49	0.554469
90	49	0.554225
88	48	0.541072
87	49	0.554964
87	48	0.541448
86	49	0.555728
86	48	0.54202
85	49	0.556784
85	48	0.542792
84	49	0.558154
84	48	0.543753
83	49	0.559842
83	48	0.544857
82	49	0.561764
82	48	0.54597
81	49	0.563518
81	48	0.546786
80	49	0.563518
81	47	0.53087
80	48	0.546786
82	47	0.530472
83	47	0.529864
84	47	0.52921
85	47	0.528611
86	47	0.528113
87	47	0.527737
88	47	0.527486
89	47	0.527361
90	48	0.540886
89	46	0.513712
90	47	0.527361
88	46	0.513774
87	46	0.513899
86	46	0.514085
85	46	0.514327
84	46	0.514613
83	46	0.514915
82	46	0.515185
81	46	0.515352
80	47	0.53087
81	45	0.5
80	46	0.515352
82	45	0.5
83	45	0.5
84	45	0.5
85	45	0.5
86	45	0.5
87	45	0.5
88	45	0.5
89	45	0.5
90	46	0.513712
89	44	0.486288
90	45	0.5
88	44	0.486226
87	44	0.486101
86	44	0.485915
85	44	0.485673
84	44	0.485387
83	44	0.485085
82	44	0.484815
81	44	0.484648
80	45	0.5
81	43	0.46913
80	44	0.484648
82	43	0.469528
83	43	0.470136
84	43	0.47079
85	43	0.471389
86	43	0.471887
87	43	0.472263
88	43	0.472514
89	43	0.472639
90	44	0.486288
89	42	0.459114
90	43	0.472639
88	42	0.458928
87	42	0.458552
86	42	0.45798
85	42	0.457208
84	42	0.456247
83	42	0.455143
82	42	0.45403
81	42	0.453214
80	43	0.46913
81	41	0.436482
80	42	0.453214
82	41	0.438236
83	41	0.440158
84	41	0.441846
85	41	0.443216
86	41	0.444272
87	41	0.445036
88	41	0.445531
89	41	0.445775
90	42	0.459114
90	41	0.445775
80	41	0.436482
1	20	0.211255
0	21	0.222404
2	20	0.211402
3	20	0.211707
4	20	0.212195
5	20	0.212906
6	20	0.213902
7	20	0.215279
8	20	0.217197
9	20	0.219955
10	21	0.242902
11	20	0.251398
12	20	0.256252
13	20	0.258735
14	20	0.259387
15	20	0.258438
16	20	0.255945
17	20	0.251824
18	20	0.245813
19	20	0.237323
20	21	0.224981
21	20	0.196561
22	20	0.191776
23	20	0.187681
24	20	0.18396
25	20	0.180449
26	20	0.177056
27	20	0.173736
28	20	0.170473
29	20	0.167281
30	21	0.17265
31	20	0.161104
32	20	0.158224
33	20	0.155613
34	20	0.153329
35	20	0.151436
36	20	0.15
37	20	0.149095
38	20	0.148826
39	20	0.149363
40	21	0.160054
41	20	0.163439
42	20	0.165339
43	20	0.166429
44	20	0.166999
45	20	0.167176
46	20	0.166999
47	20	0.166429
48	20	0.165339
49	20	0.163439
50	21	0.160054
51	20	0.149363
52	20	0.148826
53	20	0.149095
54	20	0.15
55	20	0.151436
56	20	0.153329
57	20	0.155613
58	20	0.158224
59	20	0.161104
60	21	0.17265
61	20	0.167281
62	20	0.170473
63	20	0.173736
64	20	0.177056
65	20	0.180449
66	20	0.18396
67	20	0.187681
68	20	0.191776
69	20	0.196561
70	21	0.224981
71	20	0.237323
72	20	0.245813
73	20	0.251824
74	20	0.255945
75	20	0.258438
76	20	0.259387
77	20	0.258735
78	20	0.256252
79	20	0.251398
69	19	0.180483
69	18	0.166585
68	19	0.178303
70	19	0.180483
68	18	0.165399
67	19	0.175555
67	18	0.163562
66	19	0.172675
66	18	0.161406
65	19	0.169777
65	18	0.159094
64	19	0.166892
64	18	0.156707
63	19	0.164027
63	18	0.154286
62	19	0.161196
62	18	0.151863
61	19	0.15842
61	18	0.149469
60	19	0.155734
59	19	0.153048
59	18	0.144813
58	19	0.150542
58	18	0.142631
57	19	0.148266
57	18	0.140639
56	19	0.146271
56	18	0.13888
55	19	0.144609
55	18	0.137398
54	19	0.143328
54	18	0.136231
53	19	0.142475
53	18	0.135405
52	19	0.142071
52	18	0.134923
51	19	0.142058
51	18	0.13474
50	19	0.142058
51	17	0.127239
50	18	0.13474
52	17	0.127478
53	17	0.12799
54	17	0.128791
55	17	0.129873
56	17	0.131213
57	17	0.132777
58	17	0.13453
59	17	0.136431
60	18	0.147141
61	17	0.140454
62	17	0.1425
63	17	0.144546
64	17	0.146555
65	17	0.148488
66	17	0.150292
67	17	0.151887
68	17	0.153144
69	17	0.153874
70	18	0.166585
69	16	0.141891
70	17	0.153874
68	16	0.141418
67	16	0.140551
66	16	0.139388
65	16	0.13801
64	16	0.136479
63	16	0.134842
62	16	0.133138
61	16	0.131403
60	17	0.138442
59	16	0.127939
58	16	0.126279
57	16	0.124729
56	16	0.123321
55	16	0.122091
54	16	0.121071
53	16	0.120287
52	16	0.11976
51	16	0.119498
50	17	0.127239
51	15	0.111494
50	16	0.119498
52	15	0.111778
53	15	0.112328
54	15	0.113113
55	15	0.114099
56	15	0.115251
57	15	0.116536
58	15	0.117921
59	15	0.119373
60	16	0.129671
61	15	0.122349
62	15	0.123807
63	15	0.125205
64	15	0.126509
65	15	0.127686
66	15	0.128699
67	15	0.129512
68	15	0.130085
69	15	0.130382
70	16	0.141891
69	14	0.119172
70	15	0.130382
68	14	0.119026
67	14	0.118712
66	14	0.118211
65	14	0.117524
64	14	0.116667
63	14	0.115662
62	14	0.114538
61	14	0.113323
60	15	0.120861
59	14	0.110773
58	14	0.109495
57	14	0.108244
56	14	0.107049
55	14	0.105941
54	14	0.104955
53	14	0.104134
52	14	0.103531
51	14	0.103205
50	15	0.111494
51	13	0.0945915
50	14	0.103205
52	13	0.0950063
53	13	0.095722
54	13	0.0966313
55	13	0.0976599
56	13	0.0987595
57	13	0.0998961
58	13	0.101043
59	13	0.102175
60	14	0.112048
61	13	0.104359
62	13	0.105359
63	13	0.106239
64	13	0.106972
65	13	0.107534
66	13	0.107908
67	13	0.108098
68	13	0.108137
69	13	0.108106
70	14	0.119172
69	12	0.0970092
70	13	0.108106
68	12	0.0973184
67	12	0.097634
66	12	0.0977907
65	12	0.0977303
64	12	0.097448
63	12	0.0969621
62	12	0.0962992
61	12	0.0954871
60	13	0.103267
59	12	0.0936167
58	12	0.0926053
57	12	0.091538
56	12	0.0904329
55	12	0.0893083
54	12	0.0881885
53	12	0.0871163
52	12	0.0861805
51	12	0.0855628
50	13	0.0945915
51	11	0.0759164
50	12	0.0855628
52	11	0.0770366
53	11	0.0783743
54	11	0.079698
55	11	0.0809519
56	11	0.0821258
57	11	0.0832176
58	11	0.0842236
59	11	0.0851348
60	12	0.0945519
61	11	0.0867381
62	11	0.087389
63	11	0.0878626
64	11	0.0881277
65	11	0.0881488
66	11	0.0878905
67	11	0.0873292
68	11	0.0864933
69	11	0.0856033
70	12	0.0970092
70	11	0.0856033
60	11	0.0859365
50	11	0.0759164
39	19	0.142058
39	18	0.13474
38	19	0.142071
40	19	0.142058
38	18	0.134923
37	19	0.142475
37	18	0.135405
36	19	0.143328
36	18	0.136231
35	19	0.144609
35	18	0.137398
34	19	0.146271
34	18	0.13888
33	19	0.148266
33	18	0.140639
32	19	0.150542
32	18	0.142631
31	19	0.153048
31	18	0.144813
30	19	0.155734
29	19	0.15842
29	18	0.149469
28	19	0.161196
28	18	0.151863
27	19	0.164027
27	18	0.154286
26	19	0.166892
26	18	0.156707
25	19	0.169777
25	18	0.159094
24	19	0.172675
24	18	0.161406
23	19	0.175555
23	18	0.163562
22	19	0.178303
22	18	0.165399
21	19	0.180483
21	18	0.166585
20	19	0.180483
21	17	0.153874
20	18	0.166585
22	17	0.153144
23	17	0.151887
24	17	0.150292
25	17	0.148488
26	17	0.146555
27	17	0.144546
28	17	0.1425
29	17	0.140454
30	18	0.147141
31	17	0.136431
32	17	0.13453
33	17	0.132777
34	17	0.131213
35	17	0.129873
36	17	0.128791
37	17	0.12799
38	17	0.127478
39	17	0.127239
40	18	0.13474
39	16	0.119498
40	17	0.127239
38	16	0.11976
37	16	0.120287
36	16	0.121071
35	16	0.122091
34	16	0.123321
33	16	0.124729
32	16	0.126279
31	16	0.127939
30	17	0.138442
29	16	0.131403
28	16	0.133138
27	16	0.134842
26	16	0.136479
25	16	0.13801
24	16	0.139388
23	16	0.140551
22	16	0.141418
21	16	0.141891
20	17	0.153874
21	15	0.130382
20	16	0.141891
22	15	0.130085
23	15	0.129512
24	15	0.128699
25	15	0.127686
26	15	0.126509
27	15	0.125205
28	15	0.123807
29	15	0.122349
30	16	0.129671
31	15	0.119373
32	15	0.117921
33	15	0.116536
34	15	0.115251
35	15	0.114099
36	15	0.113113
37	15	0.112328
38	15	0.111778
39	15	0.111494
40	16	0.119498
39	14	0.103205
40	15	0.111494
38	14	0.103531
37	14	0.104134
36	14	0.104955
35	14	0.105941
34	14	0.107049
33	14	0.108244
32	14	0.109495
31	14	0.110773
30	15	0.120861
29	14	0.113323
28	14	0.114538
27	14	0.115662
26	14	0.116667
25	14	0.117524
24	14	0.118211
23	14	0.118712
22	14	0.119026
21	14	0.119172
20	15	0.130382
21	13	0.108106
20	14	0.119172
22	13	0.108137
23	13	0.108098
24	13	0.107908
25	13	0.107534
26	13	0.106972
27	13	0.106239
28	13	0.105359
29	13	0.104359
30	14	0.112048
31	13	0.102175
32	13	0.101043
33	13	0.0998961
34	13	0.0987595
35	13	0.0976599
36	13	0.0966313
37	13	0.095722
38	13	0.0950063
39	13	0.0945915
40	14	0.103205
39	12	0.0855628
40	13	0.0945915
38	12	0.0861805
37	12	0.0871163
36	12	0.0881885
35	12	0.0893083
34	12	0.0904329
33	12	0.091538
32	12	0.0926053
31	12	0.0936167
30	13	0.103267
29	12	0.0954871
28	12	0.0962992
27	12	0.0969621
26	12	0.097448
25	12	0.0977303
24	12	0.0977907
23	12	0.097634
22	12	0.0973184
21	12	0.0970092
20	13	0.108106
21	11	0.0856033
20	12	0.0970092
22	11	0.0864933
23	11	0.0873292
24	11	0.0878905
25	11	0.0881488
26	11	0.0881277
27	11	0.0878626
28	11	0.087389
29	11	0.0867381
30	12	0.0945519
31	11	0.0851348
32	11	0.0842236
33	11	0.0832176
34	11	0.0821258
35	11	0.0809519
36	11	0.079698
37	11	0.0783743
38	11	0.0770366
39	11	0.0759164
40	12	0.0855628
40	11	0.0759164
30	11	0.0859365
20	11	0.0856033
9	19	0.205505
9	18	0.192161
8	19	0.204398
10	19	0.205505
8	18	0.191661
7	19	0.203229
7	18	0.191
6	19	0.202241
6	18	0.190364
5	19	0.201467
5	18	0.18983
4	19	0.200891
4	18	0.189416
3	19	0.200487
3	18	0.189118
2	19	0.20023
2	18	0.188926
1	19	0.200106
1	18	0.188833
0	19	0.200106
1	17	0.177467
0	18	0.188833
2	17	0.177524
3	17	0.177642
4	17	0.177824
5	17	0.178074
6	17	0.178387
7	17	0.178743
8	17	0.179086
9	17	0.179317
10	18	0.192161
9	16	0.166705
10	17	0.179317
8	16	0.166624
7	16	0.166499
6	16	0.166368
5	16	0.166254
4	16	0.166165
3	16	0.166102
2	16	0.166062
1	16	0.166043
0	17	0.177467
1	15	0.154601
0	16	0.166043
2	15	0.154579
3	15	0.154538
4	15	0.154479
5	15	0.154408
6	15	0.154333
7	15	0.154261
8	15	0.154205
9	15	0.154173
10	16	0.166705
9	14	0.141609
10	15	0.154173
8	14	0.141761
7	14	0.142009
6	14	0.142293
5	14	0.142568
4	14	0.142805
3	14	0.142991
2	14	0.143117
1	14	0.14318
0	15	0.154601
1	13	0.131824
0	14	0.14318
2	13	0.131717
3	13	0.131503
4	13	0.131183
5	13	0.130764
6	13	0.130263
7	13	0.129721
8	13	0.12922
9	13	0.128894
10	14	0.141609
9	12	0.115853
10	13	0.128894
8	12	0.116504
7	12	0.117392
6	12	0.118273
5	12	0.119043
4	12	0.119661
3	12	0.120121
2	12	0.120423
1	12	0.120573
0	13	0.131824
1	11	0.109473
0	12	0.120573
2	11	0.109283
3	11	0.108896
4	11	0.108298
5	11	0.107472
6	11	0.106396
7	11	0.105069
8	11	0.103552
9	11	0.102161
10	12	0.115853
10	11	0.102161
0	11	0.109473
