Produced by "The Resistance",2019-06-21 13:23:45.219697
---------------------------------------------------------
Parameters: b = 3, l = 1, level = 3
---------------------------------------------------------
y	x	potential
0	0	0.000000
2	0	0.000000
4	0	0.000000
6	0	0.000000
8	0	0.000000
10	0	0.000000
12	0	0.000000
14	0	0.000000
16	0	0.000000
18	0	0.000000
20	0	0.000000
22	0	0.000000
24	0	0.000000
26	0	0.000000
28	0	0.000000
30	0	0.000000
32	0	0.000000
34	0	0.000000
36	0	0.000000
38	0	0.000000
40	0	0.000000
42	0	0.000000
44	0	0.000000
46	0	0.000000
48	0	0.000000
50	0	0.000000
52	0	0.000000
54	0	0.000000
54	2	0.030375
54	4	0.064572
54	6	0.097592
54	8	0.133774
54	10	0.175031
54	12	0.211822
54	14	0.246488
54	16	0.283344
54	18	0.317034
54	20	0.352126
54	22	0.392489
54	24	0.431846
54	26	0.475269
54	28	0.524731
54	30	0.568154
54	32	0.607511
54	34	0.647874
54	36	0.682966
54	38	0.716656
54	40	0.753512
54	42	0.788178
54	44	0.824969
54	46	0.866226
54	48	0.902408
54	50	0.935428
54	52	0.969625
54	54	1.000000
0	54	1.000000
2	54	1.000000
4	54	1.000000
6	54	1.000000
8	54	1.000000
10	54	1.000000
12	54	1.000000
14	54	1.000000
16	54	1.000000
18	54	1.000000
20	54	1.000000
22	54	1.000000
24	54	1.000000
26	54	1.000000
28	54	1.000000
30	54	1.000000
32	54	1.000000
34	54	1.000000
36	54	1.000000
38	54	1.000000
40	54	1.000000
42	54	1.000000
44	54	1.000000
46	54	1.000000
48	54	1.000000
50	54	1.000000
52	54	1.000000
0	2	0.030375
0	4	0.064572
0	6	0.097592
0	8	0.133774
0	10	0.175031
0	12	0.211822
0	14	0.246488
0	16	0.283344
0	18	0.317034
0	20	0.352126
0	22	0.392489
0	24	0.431846
0	26	0.475269
0	28	0.524731
0	30	0.568154
0	32	0.607511
0	34	0.647874
0	36	0.682966
0	38	0.716656
0	40	0.753512
0	42	0.788178
0	44	0.824969
0	46	0.866226
0	48	0.902408
0	50	0.935428
0	52	0.969625
1	1	0.013586
1	3	0.047164
1	5	0.081979
1	7	0.113204
1	9	0.154344
1	11	0.195717
1	13	0.227928
1	15	0.265049
1	17	0.301639
1	19	0.332428
1	21	0.371825
1	23	0.413153
1	25	0.450539
1	27	0.500000
1	29	0.549461
1	31	0.586847
1	33	0.628175
1	35	0.667572
1	37	0.698361
1	39	0.734951
1	41	0.772072
1	43	0.804283
1	45	0.845656
1	47	0.886796
1	49	0.918021
1	51	0.952836
1	53	0.986414
2	2	0.023967
2	4	0.069743
2	6	0.096011
2	8	0.125441
2	10	0.183130
2	12	0.212885
2	14	0.240514
2	16	0.289848
2	18	0.316332
2	20	0.344219
2	22	0.398465
2	24	0.429813
2	26	0.465227
2	28	0.534773
2	30	0.570187
2	32	0.601535
2	34	0.655781
2	36	0.683668
2	38	0.710152
2	40	0.759486
2	42	0.787115
2	44	0.816870
2	46	0.874559
2	48	0.903989
2	50	0.930257
2	52	0.976033
3	1	0.011152
3	5	0.080085
3	7	0.108774
3	11	0.199330
3	13	0.228567
3	17	0.302856
3	19	0.328405
3	23	0.410417
3	25	0.445141
3	29	0.554859
3	31	0.589583
3	35	0.671595
3	37	0.697144
3	41	0.771433
3	43	0.800670
3	47	0.891226
3	49	0.919915
3	53	0.988848
4	2	0.020642
4	4	0.063438
4	6	0.091148
4	8	0.122499
4	10	0.184887
4	12	0.216416
4	14	0.244452
4	16	0.290687
4	18	0.314558
4	20	0.338510
4	22	0.389777
4	24	0.423614
4	26	0.461912
4	28	0.538088
4	30	0.576386
4	32	0.610223
4	34	0.661490
4	36	0.685442
4	38	0.709313
4	40	0.755548
4	42	0.783584
4	44	0.815113
4	46	0.877501
4	48	0.908852
4	50	0.936562
4	52	0.979358
5	1	0.011157
5	3	0.039616
5	5	0.070613
5	7	0.105118
5	9	0.153603
5	11	0.201727
5	13	0.236041
5	15	0.268748
5	17	0.300457
5	19	0.326513
5	21	0.360611
5	23	0.398302
5	25	0.440596
5	27	0.500000
5	29	0.559404
5	31	0.601698
5	33	0.639389
5	35	0.673487
5	37	0.699543
5	39	0.731252
5	41	0.763959
5	43	0.798273
5	45	0.846397
5	47	0.894882
5	49	0.929387
5	51	0.960384
5	53	0.988843
6	2	0.023987
6	4	0.050399
6	6	0.077467
6	8	0.129361
6	10	0.177665
6	12	0.227942
6	14	0.255354
6	16	0.284499
6	18	0.312084
6	20	0.340901
6	22	0.373258
6	24	0.406559
6	26	0.470298
6	28	0.529702
6	30	0.593441
6	32	0.626742
6	34	0.659099
6	36	0.687916
6	38	0.715501
6	40	0.744646
6	42	0.772058
6	44	0.822335
6	46	0.870639
6	48	0.922533
6	50	0.949601
6	52	0.976013
7	1	0.010479
7	3	0.034695
7	5	0.056670
7	13	0.246057
7	15	0.270568
7	17	0.298224
7	19	0.323142
7	21	0.353338
7	23	0.380779
7	31	0.619221
7	33	0.646662
7	35	0.676858
7	37	0.701776
7	39	0.729432
7	41	0.753943
7	49	0.943330
7	51	0.965305
7	53	0.989521
8	2	0.017928
8	4	0.046465
8	6	0.052350
8	12	0.246447
8	14	0.254487
8	16	0.287933
8	18	0.308378
8	20	0.331206
8	22	0.367988
8	24	0.375313
8	30	0.624687
8	32	0.632012
8	34	0.668794
8	36	0.691622
8	38	0.712067
8	40	0.745513
8	42	0.753553
8	48	0.947650
8	50	0.953535
8	52	0.982072
9	1	0.008611
9	5	0.048030
9	13	0.246836
9	17	0.295008
9	19	0.317137
9	23	0.369846
9	31	0.630154
9	35	0.682863
9	37	0.704992
9	41	0.753164
9	49	0.951970
9	53	0.991389
10	2	0.016517
10	4	0.043620
10	6	0.049686
10	12	0.240152
10	14	0.246258
10	16	0.280330
10	18	0.303391
10	20	0.325575
10	22	0.363570
10	24	0.372514
10	30	0.627486
10	32	0.636430
10	34	0.674425
10	36	0.696609
10	38	0.719670
10	40	0.753742
10	42	0.759848
10	48	0.950314
10	50	0.956380
10	52	0.983483
11	1	0.009452
11	3	0.031489
11	5	0.051341
11	13	0.233469
11	15	0.258468
11	17	0.287513
11	19	0.313905
11	21	0.345682
11	23	0.375181
11	31	0.624819
11	33	0.654318
11	35	0.686095
11	37	0.712487
11	39	0.741532
11	41	0.766531
11	49	0.948659
11	51	0.968511
11	53	0.990548
12	2	0.021290
12	4	0.044528
12	6	0.067531
12	8	0.111912
12	10	0.156150
12	12	0.208861
12	14	0.238605
12	16	0.268680
12	18	0.297651
12	20	0.329004
12	22	0.364580
12	24	0.400062
12	26	0.467641
12	28	0.532359
12	30	0.599938
12	32	0.635420
12	34	0.670996
12	36	0.702349
12	38	0.731320
12	40	0.761395
12	42	0.791139
12	44	0.843850
12	46	0.888088
12	48	0.932469
12	50	0.955472
12	52	0.978710
13	1	0.009787
13	3	0.034434
13	5	0.060847
13	7	0.090406
13	9	0.133417
13	11	0.178883
13	13	0.214231
13	15	0.248251
13	17	0.280487
13	19	0.308699
13	21	0.347730
13	23	0.389724
13	25	0.435281
13	27	0.500000
13	29	0.564719
13	31	0.610276
13	33	0.652270
13	35	0.691301
13	37	0.719513
13	39	0.751749
13	41	0.785769
13	43	0.821117
13	45	0.866583
13	47	0.909594
13	49	0.939153
13	51	0.965566
13	53	0.990213
14	2	0.017857
14	4	0.054060
14	6	0.077268
14	8	0.104914
14	10	0.160694
14	12	0.189827
14	14	0.219631
14	16	0.266088
14	18	0.289530
14	20	0.318612
14	22	0.378726
14	24	0.415530
14	26	0.457892
14	28	0.542108
14	30	0.584470
14	32	0.621274
14	34	0.681388
14	36	0.710470
14	38	0.733912
14	40	0.780369
14	42	0.810173
14	44	0.839306
14	46	0.895086
14	48	0.922732
14	50	0.945940
14	52	0.982143
15	1	0.009351
15	5	0.066900
15	7	0.090918
15	11	0.169781
15	13	0.196412
15	17	0.269527
15	19	0.299406
15	23	0.398722
15	25	0.438393
15	29	0.561607
15	31	0.601278
15	35	0.700594
15	37	0.730473
15	41	0.803588
15	43	0.830219
15	47	0.909082
15	49	0.933100
15	53	0.990649
16	2	0.019546
16	4	0.057263
16	6	0.079010
16	8	0.102479
16	10	0.151186
16	12	0.177417
16	14	0.198773
16	16	0.245014
16	18	0.277475
16	20	0.312008
16	22	0.380982
16	24	0.419650
16	26	0.460502
16	28	0.539498
16	30	0.580350
16	32	0.619018
16	34	0.687992
16	36	0.722525
16	38	0.754986
16	40	0.801227
16	42	0.822583
16	44	0.848814
16	46	0.897521
16	48	0.920990
16	50	0.942737
16	52	0.980454
17	1	0.010999
17	3	0.038290
17	5	0.066599
17	7	0.091623
17	9	0.124896
17	11	0.158881
17	13	0.184595
17	15	0.215311
17	17	0.250202
17	19	0.290765
17	21	0.345853
17	23	0.398372
17	25	0.443113
17	27	0.500000
17	29	0.556887
17	31	0.601628
17	33	0.654147
17	35	0.709235
17	37	0.749798
17	39	0.784689
17	41	0.815405
17	43	0.841119
17	45	0.875104
17	47	0.908377
17	49	0.933401
17	51	0.961710
17	53	0.989001
18	2	0.024449
18	4	0.051899
18	6	0.078224
18	8	0.106780
18	10	0.139140
18	12	0.167781
18	14	0.194409
18	16	0.223051
18	18	0.255269
18	20	0.318309
18	22	0.372112
18	24	0.420742
18	26	0.471556
18	28	0.528444
18	30	0.579258
18	32	0.627888
18	34	0.681691
18	36	0.744731
18	38	0.776949
18	40	0.805591
18	42	0.832219
18	44	0.860860
18	46	0.893220
18	48	0.921776
18	50	0.948101
18	52	0.975551
19	1	0.010889
19	3	0.037620
19	5	0.065089
19	7	0.089585
19	9	0.121014
19	11	0.151770
19	13	0.175877
19	15	0.201851
19	17	0.224840
19	37	0.775160
19	39	0.798149
19	41	0.824123
19	43	0.848230
19	45	0.878986
19	47	0.910415
19	49	0.934911
19	51	0.962380
19	53	0.989111
20	2	0.019107
20	4	0.055024
20	6	0.075207
20	8	0.098130
20	10	0.140004
20	12	0.160157
20	14	0.181160
20	16	0.208786
20	18	0.212253
20	36	0.787747
20	38	0.791214
20	40	0.818840
20	42	0.839843
20	44	0.859996
20	46	0.901870
20	48	0.924793
20	50	0.944976
20	52	0.980893
21	1	0.008813
21	5	0.062363
21	7	0.083792
21	11	0.147228
21	13	0.165752
21	17	0.199666
21	37	0.800334
21	41	0.834248
21	43	0.852772
21	47	0.916208
21	49	0.937637
21	53	0.991187
22	2	0.016143
22	4	0.049242
22	6	0.069980
22	8	0.091849
22	10	0.134316
22	12	0.154436
22	14	0.167256
22	16	0.185949
22	18	0.191676
22	36	0.808324
22	38	0.814051
22	40	0.832744
22	42	0.845564
22	44	0.865684
22	46	0.908151
22	48	0.930020
22	50	0.950758
22	52	0.983857
23	1	0.008740
23	3	0.030877
23	5	0.054486
23	7	0.079280
23	9	0.112476
23	11	0.143243
23	13	0.161520
23	15	0.174496
23	17	0.183686
23	37	0.816314
23	39	0.825504
23	41	0.838480
23	43	0.856757
23	45	0.887524
23	47	0.920720
23	49	0.945514
23	51	0.969123
23	53	0.991260
24	2	0.018818
24	4	0.039306
24	6	0.059414
24	8	0.095878
24	10	0.127859
24	12	0.156362
24	14	0.168027
24	16	0.176750
24	18	0.180368
24	36	0.819632
24	38	0.823250
24	40	0.831973
24	42	0.843638
24	44	0.872141
24	46	0.904122
24	48	0.940586
24	50	0.960694
24	52	0.981182
25	1	0.008270
25	3	0.027384
25	5	0.044477
25	13	0.164322
25	15	0.171770
25	17	0.177050
25	37	0.822950
25	39	0.828230
25	41	0.835678
25	49	0.955523
25	51	0.972616
25	53	0.991730
26	2	0.014262
26	4	0.037151
26	6	0.042035
26	12	0.165386
26	14	0.167514
26	16	0.174787
26	18	0.176296
26	36	0.823704
26	38	0.825213
26	40	0.832486
26	42	0.834614
26	48	0.957965
26	50	0.962849
26	52	0.985738
27	1	0.007131
27	5	0.039593
27	13	0.166450
27	17	0.175542
27	37	0.824458
27	41	0.833550
27	49	0.960407
27	53	0.992869
28	2	0.014262
28	4	0.037151
28	6	0.042035
28	12	0.165386
28	14	0.167514
28	16	0.174787
28	18	0.176296
28	36	0.823704
28	38	0.825213
28	40	0.832486
28	42	0.834614
28	48	0.957965
28	50	0.962849
28	52	0.985738
29	1	0.008270
29	3	0.027384
29	5	0.044477
29	13	0.164322
29	15	0.171770
29	17	0.177050
29	37	0.822950
29	39	0.828230
29	41	0.835678
29	49	0.955523
29	51	0.972616
29	53	0.991730
30	2	0.018818
30	4	0.039306
30	6	0.059414
30	8	0.095878
30	10	0.127859
30	12	0.156362
30	14	0.168027
30	16	0.176750
30	18	0.180368
30	36	0.819632
30	38	0.823250
30	40	0.831973
30	42	0.843638
30	44	0.872141
30	46	0.904122
30	48	0.940586
30	50	0.960694
30	52	0.981182
31	1	0.008740
31	3	0.030877
31	5	0.054486
31	7	0.079280
31	9	0.112476
31	11	0.143243
31	13	0.161520
31	15	0.174496
31	17	0.183686
31	37	0.816314
31	39	0.825504
31	41	0.838480
31	43	0.856757
31	45	0.887524
31	47	0.920720
31	49	0.945514
31	51	0.969123
31	53	0.991260
32	2	0.016143
32	4	0.049242
32	6	0.069980
32	8	0.091849
32	10	0.134316
32	12	0.154436
32	14	0.167256
32	16	0.185949
32	18	0.191676
32	36	0.808324
32	38	0.814051
32	40	0.832744
32	42	0.845564
32	44	0.865684
32	46	0.908151
32	48	0.930020
32	50	0.950758
32	52	0.983857
33	1	0.008813
33	5	0.062363
33	7	0.083792
33	11	0.147228
33	13	0.165752
33	17	0.199666
33	37	0.800334
33	41	0.834248
33	43	0.852772
33	47	0.916208
33	49	0.937637
33	53	0.991187
34	2	0.019107
34	4	0.055024
34	6	0.075207
34	8	0.098130
34	10	0.140004
34	12	0.160157
34	14	0.181160
34	16	0.208786
34	18	0.212253
34	36	0.787747
34	38	0.791214
34	40	0.818840
34	42	0.839843
34	44	0.859996
34	46	0.901870
34	48	0.924793
34	50	0.944976
34	52	0.980893
35	1	0.010889
35	3	0.037620
35	5	0.065089
35	7	0.089585
35	9	0.121014
35	11	0.151770
35	13	0.175877
35	15	0.201851
35	17	0.224840
35	37	0.775160
35	39	0.798149
35	41	0.824123
35	43	0.848230
35	45	0.878986
35	47	0.910415
35	49	0.934911
35	51	0.962380
35	53	0.989111
36	2	0.024449
36	4	0.051899
36	6	0.078224
36	8	0.106780
36	10	0.139140
36	12	0.167781
36	14	0.194409
36	16	0.223051
36	18	0.255269
36	20	0.318309
36	22	0.372112
36	24	0.420742
36	26	0.471556
36	28	0.528444
36	30	0.579258
36	32	0.627888
36	34	0.681691
36	36	0.744731
36	38	0.776949
36	40	0.805591
36	42	0.832219
36	44	0.860860
36	46	0.893220
36	48	0.921776
36	50	0.948101
36	52	0.975551
37	1	0.010999
37	3	0.038290
37	5	0.066599
37	7	0.091623
37	9	0.124896
37	11	0.158881
37	13	0.184595
37	15	0.215311
37	17	0.250202
37	19	0.290765
37	21	0.345853
37	23	0.398372
37	25	0.443113
37	27	0.500000
37	29	0.556887
37	31	0.601628
37	33	0.654147
37	35	0.709235
37	37	0.749798
37	39	0.784689
37	41	0.815405
37	43	0.841119
37	45	0.875104
37	47	0.908377
37	49	0.933401
37	51	0.961710
37	53	0.989001
38	2	0.019546
38	4	0.057263
38	6	0.079010
38	8	0.102479
38	10	0.151186
38	12	0.177417
38	14	0.198773
38	16	0.245014
38	18	0.277475
38	20	0.312008
38	22	0.380982
38	24	0.419650
38	26	0.460502
38	28	0.539498
38	30	0.580350
38	32	0.619018
38	34	0.687992
38	36	0.722525
38	38	0.754986
38	40	0.801227
38	42	0.822583
38	44	0.848814
38	46	0.897521
38	48	0.920990
38	50	0.942737
38	52	0.980454
39	1	0.009351
39	5	0.066900
39	7	0.090918
39	11	0.169781
39	13	0.196412
39	17	0.269527
39	19	0.299406
39	23	0.398722
39	25	0.438393
39	29	0.561607
39	31	0.601278
39	35	0.700594
39	37	0.730473
39	41	0.803588
39	43	0.830219
39	47	0.909082
39	49	0.933100
39	53	0.990649
40	2	0.017857
40	4	0.054060
40	6	0.077268
40	8	0.104914
40	10	0.160694
40	12	0.189827
40	14	0.219631
40	16	0.266088
40	18	0.289530
40	20	0.318612
40	22	0.378726
40	24	0.415530
40	26	0.457892
40	28	0.542108
40	30	0.584470
40	32	0.621274
40	34	0.681388
40	36	0.710470
40	38	0.733912
40	40	0.780369
40	42	0.810173
40	44	0.839306
40	46	0.895086
40	48	0.922732
40	50	0.945940
40	52	0.982143
41	1	0.009787
41	3	0.034434
41	5	0.060847
41	7	0.090406
41	9	0.133417
41	11	0.178883
41	13	0.214231
41	15	0.248251
41	17	0.280487
41	19	0.308699
41	21	0.347730
41	23	0.389724
41	25	0.435281
41	27	0.500000
41	29	0.564719
41	31	0.610276
41	33	0.652270
41	35	0.691301
41	37	0.719513
41	39	0.751749
41	41	0.785769
41	43	0.821117
41	45	0.866583
41	47	0.909594
41	49	0.939153
41	51	0.965566
41	53	0.990213
42	2	0.021290
42	4	0.044528
42	6	0.067531
42	8	0.111912
42	10	0.156150
42	12	0.208861
42	14	0.238605
42	16	0.268680
42	18	0.297651
42	20	0.329004
42	22	0.364580
42	24	0.400062
42	26	0.467641
42	28	0.532359
42	30	0.599938
42	32	0.635420
42	34	0.670996
42	36	0.702349
42	38	0.731320
42	40	0.761395
42	42	0.791139
42	44	0.843850
42	46	0.888088
42	48	0.932469
42	50	0.955472
42	52	0.978710
43	1	0.009452
43	3	0.031489
43	5	0.051341
43	13	0.233469
43	15	0.258468
43	17	0.287513
43	19	0.313905
43	21	0.345682
43	23	0.375181
43	31	0.624819
43	33	0.654318
43	35	0.686095
43	37	0.712487
43	39	0.741532
43	41	0.766531
43	49	0.948659
43	51	0.968511
43	53	0.990548
44	2	0.016517
44	4	0.043620
44	6	0.049686
44	12	0.240152
44	14	0.246258
44	16	0.280330
44	18	0.303391
44	20	0.325575
44	22	0.363570
44	24	0.372514
44	30	0.627486
44	32	0.636430
44	34	0.674425
44	36	0.696609
44	38	0.719670
44	40	0.753742
44	42	0.759848
44	48	0.950314
44	50	0.956380
44	52	0.983483
45	1	0.008611
45	5	0.048030
45	13	0.246836
45	17	0.295008
45	19	0.317137
45	23	0.369846
45	31	0.630154
45	35	0.682863
45	37	0.704992
45	41	0.753164
45	49	0.951970
45	53	0.991389
46	2	0.017928
46	4	0.046465
46	6	0.052350
46	12	0.246447
46	14	0.254487
46	16	0.287933
46	18	0.308378
46	20	0.331206
46	22	0.367988
46	24	0.375313
46	30	0.624687
46	32	0.632012
46	34	0.668794
46	36	0.691622
46	38	0.712067
46	40	0.745513
46	42	0.753553
46	48	0.947650
46	50	0.953535
46	52	0.982072
47	1	0.010479
47	3	0.034695
47	5	0.056670
47	13	0.246057
47	15	0.270568
47	17	0.298224
47	19	0.323142
47	21	0.353338
47	23	0.380779
47	31	0.619221
47	33	0.646662
47	35	0.676858
47	37	0.701776
47	39	0.729432
47	41	0.753943
47	49	0.943330
47	51	0.965305
47	53	0.989521
48	2	0.023987
48	4	0.050399
48	6	0.077467
48	8	0.129361
48	10	0.177665
48	12	0.227942
48	14	0.255354
48	16	0.284499
48	18	0.312084
48	20	0.340901
48	22	0.373258
48	24	0.406559
48	26	0.470298
48	28	0.529702
48	30	0.593441
48	32	0.626742
48	34	0.659099
48	36	0.687916
48	38	0.715501
48	40	0.744646
48	42	0.772058
48	44	0.822335
48	46	0.870639
48	48	0.922533
48	50	0.949601
48	52	0.976013
49	1	0.011157
49	3	0.039616
49	5	0.070613
49	7	0.105118
49	9	0.153603
49	11	0.201727
49	13	0.236041
49	15	0.268748
49	17	0.300457
49	19	0.326513
49	21	0.360611
49	23	0.398302
49	25	0.440596
49	27	0.500000
49	29	0.559404
49	31	0.601698
49	33	0.639389
49	35	0.673487
49	37	0.699543
49	39	0.731252
49	41	0.763959
49	43	0.798273
49	45	0.846397
49	47	0.894882
49	49	0.929387
49	51	0.960384
49	53	0.988843
50	2	0.020642
50	4	0.063438
50	6	0.091148
50	8	0.122499
50	10	0.184887
50	12	0.216416
50	14	0.244452
50	16	0.290687
50	18	0.314558
50	20	0.338510
50	22	0.389777
50	24	0.423614
50	26	0.461912
50	28	0.538088
50	30	0.576386
50	32	0.610223
50	34	0.661490
50	36	0.685442
50	38	0.709313
50	40	0.755548
50	42	0.783584
50	44	0.815113
50	46	0.877501
50	48	0.908852
50	50	0.936562
50	52	0.979358
51	1	0.011152
51	5	0.080085
51	7	0.108774
51	11	0.199330
51	13	0.228567
51	17	0.302856
51	19	0.328405
51	23	0.410417
51	25	0.445141
51	29	0.554859
51	31	0.589583
51	35	0.671595
51	37	0.697144
51	41	0.771433
51	43	0.800670
51	47	0.891226
51	49	0.919915
51	53	0.988848
52	2	0.023967
52	4	0.069743
52	6	0.096011
52	8	0.125441
52	10	0.183130
52	12	0.212885
52	14	0.240514
52	16	0.289848
52	18	0.316332
52	20	0.344219
52	22	0.398465
52	24	0.429813
52	26	0.465227
52	28	0.534773
52	30	0.570187
52	32	0.601535
52	34	0.655781
52	36	0.683668
52	38	0.710152
52	40	0.759486
52	42	0.787115
52	44	0.816870
52	46	0.874559
52	48	0.903989
52	50	0.930257
52	52	0.976033
53	1	0.013586
53	3	0.047164
53	5	0.081979
53	7	0.113204
53	9	0.154344
53	11	0.195717
53	13	0.227928
53	15	0.265049
53	17	0.301639
53	19	0.332428
53	21	0.371825
53	23	0.413153
53	25	0.450539
53	27	0.500000
53	29	0.549461
53	31	0.586847
53	33	0.628175
53	35	0.667572
53	37	0.698361
53	39	0.734951
53	41	0.772072
53	43	0.804283
53	45	0.845656
53	47	0.886796
53	49	0.918021
53	51	0.952836
53	53	0.986414
