Produced by "The Resistance", Tue Jun 18 20:11:32 2019
---------------------------------------------------------
Parameters: b = 4, l = 2, level = 3, crosswires = 1
---------------------------------------------------------
y	x	potential
1	0	0
3	0	0
5	0	0
7	0	0
9	0	0
11	0	0
13	0	0
15	0	0
17	0	0
19	0	0
21	0	0
23	0	0
25	0	0
27	0	0
29	0	0
31	0	0
33	0	0
35	0	0
37	0	0
39	0	0
41	0	0
43	0	0
45	0	0
47	0	0
49	0	0
51	0	0
53	0	0
55	0	0
57	0	0
59	0	0
61	0	0
63	0	0
65	0	0
67	0	0
69	0	0
71	0	0
73	0	0
75	0	0
77	0	0
79	0	0
81	0	0
83	0	0
85	0	0
87	0	0
89	0	0
91	0	0
93	0	0
95	0	0
97	0	0
99	0	0
101	0	0
103	0	0
105	0	0
107	0	0
109	0	0
111	0	0
113	0	0
115	0	0
117	0	0
119	0	0
121	0	0
123	0	0
125	0	0
127	0	0
1	128	1
3	128	1
5	128	1
7	128	1
9	128	1
11	128	1
13	128	1
15	128	1
17	128	1
19	128	1
21	128	1
23	128	1
25	128	1
27	128	1
29	128	1
31	128	1
33	128	1
35	128	1
37	128	1
39	128	1
41	128	1
43	128	1
45	128	1
47	128	1
49	128	1
51	128	1
53	128	1
55	128	1
57	128	1
59	128	1
61	128	1
63	128	1
65	128	1
67	128	1
69	128	1
71	128	1
73	128	1
75	128	1
77	128	1
79	128	1
81	128	1
83	128	1
85	128	1
87	128	1
89	128	1
91	128	1
93	128	1
95	128	1
97	128	1
99	128	1
101	128	1
103	128	1
105	128	1
107	128	1
109	128	1
111	128	1
113	128	1
115	128	1
117	128	1
119	128	1
121	128	1
123	128	1
125	128	1
127	128	1
1	1	0.0045634
1	2	0.0106906
0	1	0.0045634
2	1	0.0029996
3	1	0.0014358
3	2	0.0014358
4	1	0.0013078
5	1	0.00117979
5	2	0.00117979
6	1	0.00223159
7	1	0.00328338
7	2	0.00769532
8	1	0.00320661
9	1	0.00312984
9	2	0.00728695
10	1	0.00202582
11	1	0.000921793
11	2	0.000921793
12	1	0.00073956
13	1	0.000557328
13	2	0.000557328
14	1	0.000932423
15	1	0.00130752
15	2	0.00299823
16	1	0.00129942
17	1	0.00129132
17	2	0.00296809
18	1	0.000897789
19	1	0.000504254
19	2	0.000504254
20	1	0.000614973
21	1	0.000725692
21	2	0.000725692
22	1	0.0015621
23	1	0.00239852
23	2	0.00558038
24	1	0.00245157
25	1	0.00250463
25	2	0.00586962
26	1	0.00169733
27	1	0.000890028
27	2	0.000890028
28	1	0.000972756
29	1	0.00105548
29	2	0.00105548
30	1	0.00219369
31	1	0.0033319
31	2	0.00780456
32	1	0.00332936
33	1	0.00332681
33	2	0.00779384
34	1	0.00218405
35	1	0.00104128
35	2	0.00104128
36	1	0.000939794
37	1	0.000838309
37	2	0.000838309
38	1	0.00157513
39	1	0.00231195
39	2	0.0054174
40	1	0.00225528
41	1	0.00219861
41	2	0.00512016
42	1	0.00141899
43	1	0.000639373
43	2	0.000639373
44	1	0.00049913
45	1	0.000358886
45	2	0.000358886
46	1	0.000577528
47	1	0.00079617
47	2	0.00182271
48	1	0.000784443
49	1	0.000772715
49	2	0.00177905
50	1	0.000527366
51	1	0.000282017
51	2	0.000282017
52	1	0.000318685
53	1	0.000355353
53	2	0.000355353
54	1	0.000747373
55	1	0.00113939
55	2	0.00264828
56	1	0.00116193
57	1	0.00118446
57	2	0.0027732
58	1	0.00080271
59	1	0.00042096
59	2	0.00042096
60	1	0.00046017
61	1	0.000499381
61	2	0.000499381
62	1	0.00103797
63	1	0.00157656
63	2	0.00369172
64	1	0.00157656
65	1	0.00157656
65	2	0.00369172
66	1	0.00103797
67	1	0.000499381
67	2	0.000499381
68	1	0.00046017
69	1	0.00042096
69	2	0.00042096
70	1	0.00080271
71	1	0.00118446
71	2	0.0027732
72	1	0.00116193
73	1	0.00113939
73	2	0.00264828
74	1	0.000747373
75	1	0.000355353
75	2	0.000355353
76	1	0.000318685
77	1	0.000282017
77	2	0.000282017
78	1	0.000527366
79	1	0.000772715
79	2	0.00177905
80	1	0.000784443
81	1	0.00079617
81	2	0.00182271
82	1	0.000577528
83	1	0.000358886
83	2	0.000358886
84	1	0.00049913
85	1	0.000639373
85	2	0.000639373
86	1	0.00141899
87	1	0.00219861
87	2	0.00512016
88	1	0.00225528
89	1	0.00231195
89	2	0.0054174
90	1	0.00157513
91	1	0.000838309
91	2	0.000838309
92	1	0.000939794
93	1	0.00104128
93	2	0.00104128
94	1	0.00218405
95	1	0.00332681
95	2	0.00779384
96	1	0.00332936
97	1	0.0033319
97	2	0.00780456
98	1	0.00219369
99	1	0.00105548
99	2	0.00105548
100	1	0.000972756
101	1	0.000890028
101	2	0.000890028
102	1	0.00169733
103	1	0.00250463
103	2	0.00586962
104	1	0.00245157
105	1	0.00239852
105	2	0.00558038
106	1	0.0015621
107	1	0.000725692
107	2	0.000725692
108	1	0.000614973
109	1	0.000504254
109	2	0.000504254
110	1	0.000897789
111	1	0.00129132
111	2	0.00296809
112	1	0.00129942
113	1	0.00130752
113	2	0.00299823
114	1	0.000932423
115	1	0.000557328
115	2	0.000557328
116	1	0.00073956
117	1	0.000921793
117	2	0.000921793
118	1	0.00202582
119	1	0.00312984
119	2	0.00728695
120	1	0.00320661
121	1	0.00328338
121	2	0.00769532
122	1	0.00223159
123	1	0.00117979
123	2	0.00117979
124	1	0.0013078
125	1	0.0014358
125	2	0.0014358
126	1	0.0029996
127	1	0.0045634
127	2	0.0106906
128	1	0.0045634
127	3	0.0168178
127	4	0.022945
126	3	0.0168178
128	3	0.0168178
127	5	0.0290722
127	6	0.0351994
126	5	0.0290722
128	5	0.0290722
127	7	0.0413266
127	8	0.0467074
126	7	0.0420731
128	7	0.0413266
125	7	0.0428196
125	6	0.0428196
125	8	0.0447351
124	7	0.0416505
123	7	0.0404814
123	6	0.0404814
123	8	0.0427628
122	7	0.0370311
121	7	0.0335807
121	6	0.0275875
121	8	0.0407905
120	7	0.0289137
119	7	0.0242468
119	6	0.0216709
119	8	0.0242468
118	7	0.0221557
117	7	0.0200645
117	6	0.0200645
117	8	0.0200645
116	7	0.0179734
115	7	0.0158823
115	6	0.0158823
115	8	0.0158823
114	7	0.0137912
113	7	0.0117001
113	6	0.00990728
113	8	0.0117001
112	7	0.0114018
111	7	0.0111036
111	6	0.00952892
111	8	0.0111036
110	7	0.0123799
109	7	0.0136563
109	6	0.0136563
109	8	0.0136563
108	7	0.0149326
107	7	0.016209
107	6	0.016209
107	8	0.016209
106	7	0.0174854
105	7	0.0187617
105	6	0.0167077
105	8	0.0187617
104	7	0.0220921
103	7	0.0254226
103	6	0.0209297
103	8	0.030834
102	7	0.0278344
101	7	0.0302462
101	6	0.0302462
101	8	0.0319508
100	7	0.0309534
99	7	0.0316606
99	6	0.0316606
99	8	0.0330676
98	7	0.0309607
97	7	0.0302609
97	6	0.0257499
97	8	0.0341845
96	7	0.0301484
95	7	0.030036
95	6	0.0256073
95	8	0.0339493
94	7	0.0304389
93	7	0.0308418
93	6	0.0308418
93	8	0.032222
92	7	0.0298645
91	7	0.0288873
91	6	0.0288873
91	8	0.0304946
90	7	0.0263027
89	7	0.0237182
89	6	0.0194665
89	8	0.0287672
88	7	0.0203363
87	7	0.0169544
87	6	0.015179
87	8	0.0169544
86	7	0.0153478
85	7	0.0137413
85	6	0.0137413
85	8	0.0137413
84	7	0.0121348
83	7	0.0105282
83	6	0.0105282
83	8	0.0105282
82	7	0.00892168
81	7	0.00731514
81	6	0.00614067
81	8	0.00731514
80	7	0.00688307
79	7	0.006451
79	6	0.0055926
79	8	0.006451
78	7	0.00687734
77	7	0.00730368
77	6	0.00730368
77	8	0.00730368
76	7	0.00773001
75	7	0.00815635
75	6	0.00815635
75	8	0.00815635
74	7	0.00858268
73	7	0.00900902
73	6	0.00798957
73	8	0.00900902
72	7	0.0104548
71	7	0.0119006
71	6	0.0098224
71	8	0.0143058
70	7	0.0130193
69	7	0.0141381
69	6	0.0141381
69	8	0.0149011
68	7	0.0144938
67	7	0.0148496
67	6	0.0148496
67	8	0.0154963
66	7	0.0145585
65	7	0.0142675
65	6	0.0121523
65	8	0.0160916
64	7	0.0142675
63	7	0.0142675
63	6	0.0121523
63	8	0.0160916
62	7	0.0145585
61	7	0.0148496
61	6	0.0148496
61	8	0.0154963
60	7	0.0144938
59	7	0.0141381
59	6	0.0141381
59	8	0.0149011
58	7	0.0130193
57	7	0.0119006
57	6	0.0098224
57	8	0.0143058
56	7	0.0104548
55	7	0.00900902
55	6	0.00798957
55	8	0.00900902
54	7	0.00858268
53	7	0.00815635
53	6	0.00815635
53	8	0.00815635
52	7	0.00773001
51	7	0.00730368
51	6	0.00730368
51	8	0.00730368
50	7	0.00687734
49	7	0.006451
49	6	0.0055926
49	8	0.006451
48	7	0.00688307
47	7	0.00731514
47	6	0.00614067
47	8	0.00731514
46	7	0.00892168
45	7	0.0105282
45	6	0.0105282
45	8	0.0105282
44	7	0.0121348
43	7	0.0137413
43	6	0.0137413
43	8	0.0137413
42	7	0.0153478
41	7	0.0169544
41	6	0.015179
41	8	0.0169544
40	7	0.0203363
39	7	0.0237182
39	6	0.0194665
39	8	0.0287672
38	7	0.0263027
37	7	0.0288873
37	6	0.0288873
37	8	0.0304946
36	7	0.0298645
35	7	0.0308418
35	6	0.0308418
35	8	0.032222
34	7	0.0304389
33	7	0.030036
33	6	0.0256073
33	8	0.0339493
32	7	0.0301484
31	7	0.0302609
31	6	0.0257499
31	8	0.0341845
30	7	0.0309607
29	7	0.0316606
29	6	0.0316606
29	8	0.0330676
28	7	0.0309534
27	7	0.0302462
27	6	0.0302462
27	8	0.0319508
26	7	0.0278344
25	7	0.0254226
25	6	0.0209297
25	8	0.030834
24	7	0.0220921
23	7	0.0187617
23	6	0.0167077
23	8	0.0187617
22	7	0.0174854
21	7	0.016209
21	6	0.016209
21	8	0.016209
20	7	0.0149326
19	7	0.0136563
19	6	0.0136563
19	8	0.0136563
18	7	0.0123799
17	7	0.0111036
17	6	0.00952892
17	8	0.0111036
16	7	0.0114018
15	7	0.0117001
15	6	0.00990728
15	8	0.0117001
14	7	0.0137912
13	7	0.0158823
13	6	0.0158823
13	8	0.0158823
12	7	0.0179734
11	7	0.0200645
11	6	0.0200645
11	8	0.0200645
10	7	0.0221557
9	7	0.0242468
9	6	0.0216709
9	8	0.0242468
8	7	0.0289137
7	7	0.0335807
7	6	0.0275875
7	8	0.0407905
6	7	0.0370311
5	7	0.0404814
5	6	0.0404814
5	8	0.0427628
4	7	0.0416505
3	7	0.0428196
3	6	0.0428196
3	8	0.0447351
2	7	0.0420731
1	7	0.0413266
1	6	0.0351994
1	8	0.0467074
0	7	0.0413266
1	9	0.0520881
1	10	0.0601876
0	9	0.0520881
2	9	0.0493693
3	9	0.0466506
3	10	0.0466506
4	9	0.0458473
5	9	0.0450441
5	10	0.0450441
6	9	0.0465222
7	9	0.0480002
7	10	0.0566881
8	9	0.0480002
7	11	0.0653759
7	12	0.0740638
6	11	0.0653759
8	11	0.0653759
7	13	0.0827516
7	14	0.0914395
6	13	0.0827516
8	13	0.0827516
7	15	0.100127
7	16	0.106611
6	15	0.102331
8	15	0.100127
5	15	0.104535
5	14	0.104535
5	16	0.106671
4	15	0.104603
3	15	0.104671
3	14	0.104671
3	16	0.106732
2	15	0.102678
1	15	0.100685
1	14	0.0925856
1	16	0.106792
0	15	0.100685
1	17	0.112898
1	18	0.121058
0	17	0.112898
2	17	0.110845
3	17	0.108792
3	18	0.108792
4	17	0.1088
5	17	0.108808
5	18	0.108808
6	17	0.110951
7	17	0.113095
7	18	0.121723
8	17	0.113095
7	19	0.13035
7	20	0.138978
6	19	0.13035
8	19	0.13035
7	21	0.147606
7	22	0.156234
6	21	0.147606
8	21	0.147606
7	23	0.164861
7	24	0.171845
6	23	0.166505
8	23	0.164861
5	23	0.168148
5	22	0.168148
5	24	0.170384
4	23	0.167556
3	23	0.166963
3	22	0.166963
3	24	0.168924
2	23	0.16441
1	23	0.161856
1	22	0.153697
1	24	0.167463
0	23	0.161856
1	25	0.173069
1	26	0.179768
0	25	0.173069
2	25	0.171977
3	25	0.170884
3	26	0.170884
4	25	0.171752
5	25	0.172621
5	26	0.172621
6	25	0.175725
7	25	0.178829
7	26	0.184997
8	25	0.18275
9	25	0.186671
9	24	0.186671
9	26	0.189922
10	25	0.18734
11	25	0.188009
11	24	0.188009
11	26	0.188009
12	25	0.188679
13	25	0.189348
13	24	0.189348
13	26	0.189348
14	25	0.190017
15	25	0.190687
15	24	0.190687
15	26	0.192574
16	25	0.189468
17	25	0.18825
17	24	0.18825
17	26	0.190959
18	25	0.184323
19	25	0.180396
19	24	0.180396
19	26	0.180396
20	25	0.176468
21	25	0.172541
21	24	0.172541
21	26	0.172541
22	25	0.168614
23	25	0.164686
23	24	0.164686
23	26	0.167429
24	25	0.158017
25	25	0.151347
25	24	0.143152
25	26	0.158867
26	25	0.145353
27	25	0.139359
27	24	0.136888
27	26	0.139359
28	25	0.135836
29	25	0.132313
29	24	0.130624
29	26	0.132313
30	25	0.13048
31	25	0.128646
31	24	0.12436
31	26	0.133292
32	25	0.126453
33	25	0.12426
33	24	0.120142
33	26	0.12999
34	25	0.120454
35	25	0.116649
35	24	0.115437
35	26	0.116649
36	25	0.114054
37	25	0.11146
37	24	0.110732
37	26	0.11146
38	25	0.109593
39	25	0.107726
39	24	0.106027
39	26	0.108621
40	25	0.106662
41	25	0.105598
41	24	0.105598
41	26	0.107062
42	25	0.103069
43	25	0.100541
43	24	0.100541
43	26	0.100541
44	25	0.0980124
45	25	0.095484
45	24	0.095484
45	26	0.095484
46	25	0.0929556
47	25	0.0904272
47	24	0.0904272
47	26	0.0899723
48	25	0.0883536
49	25	0.08628
49	24	0.08628
49	26	0.0872021
50	25	0.0832842
51	25	0.0802885
51	24	0.0802885
51	26	0.0802885
52	25	0.0772928
53	25	0.0742971
53	24	0.0742971
53	26	0.0742971
54	25	0.0713014
55	25	0.0683057
55	24	0.0683057
55	26	0.0681263
56	25	0.0654894
57	25	0.062673
57	24	0.0598399
57	26	0.0644647
58	25	0.0608981
59	25	0.0591232
59	24	0.0582747
59	26	0.0591232
60	25	0.0581969
61	25	0.0572706
61	24	0.0567094
61	26	0.0572706
62	25	0.0569055
63	25	0.0565404
63	24	0.0551442
63	26	0.0575715
64	25	0.0565404
65	25	0.0565404
65	24	0.0551442
65	26	0.0575715
66	25	0.0569055
67	25	0.0572706
67	24	0.0567094
67	26	0.0572706
68	25	0.0581969
69	25	0.0591232
69	24	0.0582747
69	26	0.0591232
70	25	0.0608981
71	25	0.062673
71	24	0.0598399
71	26	0.0644647
72	25	0.0654894
73	25	0.0683057
73	24	0.0683057
73	26	0.0681263
74	25	0.0713014
75	25	0.0742971
75	24	0.0742971
75	26	0.0742971
76	25	0.0772928
77	25	0.0802885
77	24	0.0802885
77	26	0.0802885
78	25	0.0832842
79	25	0.08628
79	24	0.08628
79	26	0.0872021
80	25	0.0883536
81	25	0.0904272
81	24	0.0904272
81	26	0.0899723
82	25	0.0929556
83	25	0.095484
83	24	0.095484
83	26	0.095484
84	25	0.0980124
85	25	0.100541
85	24	0.100541
85	26	0.100541
86	25	0.103069
87	25	0.105598
87	24	0.105598
87	26	0.107062
88	25	0.106662
89	25	0.107726
89	24	0.106027
89	26	0.108621
90	25	0.109593
91	25	0.11146
91	24	0.110732
91	26	0.11146
92	25	0.114054
93	25	0.116649
93	24	0.115437
93	26	0.116649
94	25	0.120454
95	25	0.12426
95	24	0.120142
95	26	0.12999
96	25	0.126453
97	25	0.128646
97	24	0.12436
97	26	0.133292
98	25	0.13048
99	25	0.132313
99	24	0.130624
99	26	0.132313
100	25	0.135836
101	25	0.139359
101	24	0.136888
101	26	0.139359
102	25	0.145353
103	25	0.151347
103	24	0.143152
103	26	0.158867
104	25	0.158017
105	25	0.164686
105	24	0.164686
105	26	0.167429
106	25	0.168614
107	25	0.172541
107	24	0.172541
107	26	0.172541
108	25	0.176468
109	25	0.180396
109	24	0.180396
109	26	0.180396
110	25	0.184323
111	25	0.18825
111	24	0.18825
111	26	0.190959
112	25	0.189468
113	25	0.190687
113	24	0.190687
113	26	0.192574
114	25	0.190017
115	25	0.189348
115	24	0.189348
115	26	0.189348
116	25	0.188679
117	25	0.188009
117	24	0.188009
117	26	0.188009
118	25	0.18734
119	25	0.186671
119	24	0.186671
119	26	0.189922
120	25	0.18275
121	25	0.178829
121	24	0.171845
121	26	0.184997
122	25	0.175725
123	25	0.172621
123	24	0.170384
123	26	0.172621
124	25	0.171752
125	25	0.170884
125	24	0.168924
125	26	0.170884
126	25	0.171977
127	25	0.173069
127	24	0.167463
127	26	0.179768
128	25	0.173069
127	27	0.186467
127	28	0.193166
126	27	0.186467
128	27	0.186467
127	29	0.199865
127	30	0.206563
126	29	0.199865
128	29	0.199865
127	31	0.213262
127	32	0.218637
126	31	0.214587
128	31	0.213262
125	31	0.215911
125	30	0.215911
125	32	0.217605
124	31	0.215542
123	31	0.215172
123	30	0.215172
123	32	0.216574
122	31	0.2134
121	31	0.211628
121	30	0.20656
121	32	0.215543
120	31	0.211008
119	31	0.210388
119	30	0.206036
119	32	0.21413
118	31	0.210376
117	31	0.210365
117	30	0.210365
117	32	0.211487
116	31	0.209232
115	31	0.208098
115	30	0.208098
115	32	0.208844
114	31	0.20622
113	31	0.204341
113	30	0.201686
113	32	0.2062
112	31	0.203258
111	31	0.202175
111	30	0.200233
111	32	0.204044
110	31	0.201165
109	31	0.200155
109	30	0.200155
109	32	0.200934
108	31	0.198366
107	31	0.196577
107	30	0.196577
107	32	0.197823
106	31	0.193543
105	31	0.190508
105	30	0.184974
105	32	0.194712
104	31	0.188803
103	31	0.187097
103	30	0.182369
103	32	0.191547
102	31	0.18567
101	31	0.184243
101	30	0.184243
101	32	0.186076
100	31	0.180983
99	31	0.177722
99	30	0.177722
99	32	0.180606
98	31	0.171578
97	31	0.165433
97	30	0.157439
97	32	0.175136
96	31	0.157581
95	31	0.149729
95	30	0.147347
95	32	0.149729
94	31	0.144258
93	31	0.138788
93	30	0.138788
93	32	0.138788
92	31	0.133317
91	31	0.127847
91	30	0.127847
91	32	0.127847
90	31	0.122377
89	31	0.116906
89	30	0.114601
89	32	0.116906
88	31	0.113741
87	31	0.110575
87	30	0.110521
87	32	0.110575
86	31	0.107465
85	31	0.104354
85	30	0.104354
85	32	0.104354
84	31	0.101243
83	31	0.0981326
83	30	0.0981326
83	32	0.0981326
82	31	0.0950219
81	31	0.0919112
81	30	0.0909562
81	32	0.0919112
80	31	0.0897555
79	31	0.0875997
79	30	0.0880874
79	32	0.0875997
78	31	0.0849563
77	31	0.0823129
77	30	0.0823129
77	32	0.0823129
76	31	0.0796695
75	31	0.0770261
75	30	0.0770261
75	32	0.0770261
74	31	0.0743827
73	31	0.0717393
73	30	0.0705089
73	32	0.0717393
72	31	0.0703263
71	31	0.0689133
71	30	0.0685314
71	32	0.0689133
70	31	0.0678822
69	31	0.0668512
69	30	0.0668512
69	32	0.0668512
68	31	0.0658201
67	31	0.064789
67	30	0.064789
67	32	0.064789
66	31	0.0637579
65	31	0.0627268
65	30	0.0616958
65	32	0.0627268
64	31	0.0627268
63	31	0.0627268
63	30	0.0616958
63	32	0.0627268
62	31	0.0637579
61	31	0.064789
61	30	0.064789
61	32	0.064789
60	31	0.0658201
59	31	0.0668512
59	30	0.0668512
59	32	0.0668512
58	31	0.0678822
57	31	0.0689133
57	30	0.0685314
57	32	0.0689133
56	31	0.0703263
55	31	0.0717393
55	30	0.0705089
55	32	0.0717393
54	31	0.0743827
53	31	0.0770261
53	30	0.0770261
53	32	0.0770261
52	31	0.0796695
51	31	0.0823129
51	30	0.0823129
51	32	0.0823129
50	31	0.0849563
49	31	0.0875997
49	30	0.0880874
49	32	0.0875997
48	31	0.0897555
47	31	0.0919112
47	30	0.0909562
47	32	0.0919112
46	31	0.0950219
45	31	0.0981326
45	30	0.0981326
45	32	0.0981326
44	31	0.101243
43	31	0.104354
43	30	0.104354
43	32	0.104354
42	31	0.107465
41	31	0.110575
41	30	0.110521
41	32	0.110575
40	31	0.113741
39	31	0.116906
39	30	0.114601
39	32	0.116906
38	31	0.122377
37	31	0.127847
37	30	0.127847
37	32	0.127847
36	31	0.133317
35	31	0.138788
35	30	0.138788
35	32	0.138788
34	31	0.144258
33	31	0.149729
33	30	0.147347
33	32	0.149729
32	31	0.157581
31	31	0.165433
31	30	0.157439
31	32	0.175136
30	31	0.171578
29	31	0.177722
29	30	0.177722
29	32	0.180606
28	31	0.180983
27	31	0.184243
27	30	0.184243
27	32	0.186076
26	31	0.18567
25	31	0.187097
25	30	0.182369
25	32	0.191547
24	31	0.188803
23	31	0.190508
23	30	0.184974
23	32	0.194712
22	31	0.193543
21	31	0.196577
21	30	0.196577
21	32	0.197823
20	31	0.198366
19	31	0.200155
19	30	0.200155
19	32	0.200934
18	31	0.201165
17	31	0.202175
17	30	0.200233
17	32	0.204044
16	31	0.203258
15	31	0.204341
15	30	0.201686
15	32	0.2062
14	31	0.20622
13	31	0.208098
13	30	0.208098
13	32	0.208844
12	31	0.209232
11	31	0.210365
11	30	0.210365
11	32	0.211487
10	31	0.210376
9	31	0.210388
9	30	0.206036
9	32	0.21413
8	31	0.211008
7	31	0.211628
7	30	0.20656
7	32	0.215543
6	31	0.2134
5	31	0.215172
5	30	0.215172
5	32	0.216574
4	31	0.215542
3	31	0.215911
3	30	0.215911
3	32	0.217605
2	31	0.214587
1	31	0.213262
1	30	0.206563
1	32	0.218637
0	31	0.213262
1	33	0.224011
1	34	0.231741
0	33	0.224011
2	33	0.221655
3	33	0.2193
3	34	0.2193
4	33	0.218638
5	33	0.217977
5	34	0.217977
6	33	0.218718
7	33	0.219459
7	34	0.224909
8	33	0.218666
9	33	0.217873
9	34	0.223455
10	33	0.215241
11	33	0.212609
11	34	0.212609
12	33	0.211099
13	33	0.209589
13	34	0.209589
14	33	0.208824
15	33	0.208059
15	34	0.210226
16	33	0.206986
17	33	0.205914
17	34	0.20881
18	33	0.203813
19	33	0.201712
19	34	0.201712
20	33	0.200391
21	33	0.199069
21	34	0.199069
22	33	0.198993
23	33	0.198917
23	34	0.204505
24	33	0.197457
25	33	0.195997
25	34	0.20303
26	33	0.191953
27	33	0.18791
27	34	0.18791
28	33	0.1857
29	33	0.18349
29	34	0.18349
30	33	0.184164
31	33	0.184838
31	34	0.195214
32	33	0.184838
31	35	0.20559
31	36	0.215966
30	35	0.20559
32	35	0.20559
31	37	0.226342
31	38	0.236718
30	37	0.226342
32	37	0.226342
31	39	0.247094
31	40	0.255498
30	39	0.249066
32	39	0.247094
29	39	0.251038
29	38	0.251038
29	40	0.253939
28	39	0.25011
27	39	0.249181
27	38	0.249181
27	40	0.25238
26	39	0.245054
25	39	0.240927
25	38	0.232512
25	40	0.25082
24	39	0.235321
23	39	0.229716
23	38	0.225509
23	40	0.229716
22	39	0.228317
21	39	0.226918
21	38	0.226918
21	40	0.226918
20	39	0.225519
19	39	0.22412
19	38	0.22412
19	40	0.22412
18	39	0.222722
17	39	0.221323
17	38	0.219069
17	40	0.221323
16	39	0.222178
15	39	0.223033
15	38	0.220224
15	40	0.223033
14	39	0.226698
13	39	0.230363
13	38	0.230363
13	40	0.230363
12	39	0.234028
11	39	0.237693
11	38	0.237693
11	40	0.237693
10	39	0.241359
9	39	0.245024
9	38	0.241952
9	40	0.245024
8	39	0.251761
7	39	0.258498
7	38	0.250538
7	40	0.268315
6	39	0.263377
5	39	0.268256
5	38	0.268256
5	40	0.271341
4	39	0.270051
3	39	0.271845
3	38	0.271845
3	40	0.274367
2	39	0.271118
1	39	0.27039
1	38	0.26266
1	40	0.277393
0	39	0.27039
1	41	0.284396
1	42	0.295152
0	41	0.284396
2	41	0.280642
3	41	0.276889
3	42	0.276889
4	41	0.275657
5	41	0.274426
5	42	0.274426
6	41	0.276279
7	41	0.278132
7	42	0.289803
8	41	0.278132
7	43	0.301473
7	44	0.313144
6	43	0.301473
8	43	0.301473
7	45	0.324814
7	46	0.336484
6	45	0.324814
8	45	0.324814
7	47	0.348155
7	48	0.356872
6	47	0.351108
8	47	0.348155
5	47	0.354061
5	46	0.354061
5	48	0.356926
4	47	0.35415
3	47	0.354238
3	46	0.354238
3	48	0.35698
2	47	0.351585
1	47	0.348931
1	46	0.338175
1	48	0.357034
0	47	0.348931
1	49	0.365137
1	50	0.375947
0	49	0.365137
2	49	0.362429
3	49	0.359722
3	50	0.359722
4	49	0.359756
5	49	0.359791
5	50	0.359791
6	49	0.36269
7	49	0.365589
7	50	0.377206
8	49	0.365589
7	51	0.388823
7	52	0.400439
6	51	0.388823
8	51	0.388823
7	53	0.412056
7	54	0.423672
6	53	0.412056
8	53	0.412056
7	55	0.435289
7	56	0.444904
6	55	0.43729
8	55	0.435289
5	55	0.439292
5	54	0.439292
5	56	0.442336
4	55	0.438249
3	55	0.437206
3	54	0.437206
3	56	0.439769
2	55	0.433601
1	55	0.429996
1	54	0.419186
1	56	0.437201
0	55	0.429996
1	57	0.444406
1	58	0.452648
0	57	0.444406
2	57	0.443368
3	57	0.442331
3	58	0.442331
4	57	0.443856
5	57	0.44538
5	58	0.44538
6	57	0.44995
7	57	0.454519
7	58	0.46259
8	57	0.460631
9	57	0.466744
9	56	0.466744
9	58	0.47034
10	57	0.469262
11	57	0.471779
11	56	0.471779
11	58	0.471779
12	57	0.474297
13	57	0.476814
13	56	0.476814
13	58	0.476814
14	57	0.479331
15	57	0.481849
15	56	0.481849
15	58	0.4845
16	57	0.481715
17	57	0.481581
17	56	0.481581
17	58	0.48433
18	57	0.478698
19	57	0.475815
19	56	0.475815
19	58	0.475815
20	57	0.472933
21	57	0.47005
21	56	0.47005
21	58	0.47005
22	57	0.467167
23	57	0.464284
23	56	0.464284
23	58	0.468113
24	57	0.457572
25	57	0.450859
25	56	0.440399
25	58	0.459604
26	57	0.445863
27	57	0.440867
27	56	0.437555
27	58	0.440867
28	57	0.439182
29	57	0.437498
29	56	0.43471
29	58	0.437498
30	57	0.4386
31	57	0.439703
31	56	0.431866
31	58	0.448643
32	57	0.439703
31	59	0.457583
31	60	0.466522
30	59	0.457583
32	59	0.457583
31	61	0.475462
31	62	0.484402
30	61	0.475462
32	61	0.475462
31	63	0.493341
31	64	0.5
30	63	0.495622
32	63	0.493341
29	63	0.497903
29	62	0.497903
29	64	0.5
28	63	0.498087
27	63	0.498272
27	62	0.498272
27	64	0.5
26	63	0.496728
25	63	0.495183
25	62	0.488713
25	64	0.5
24	63	0.495293
23	63	0.495403
23	62	0.489299
23	64	0.5
22	63	0.497019
21	63	0.498635
21	62	0.498635
21	64	0.5
20	63	0.498886
19	63	0.499137
19	62	0.499137
19	64	0.5
18	63	0.498525
17	63	0.497913
17	62	0.495209
17	64	0.5
16	63	0.497916
15	63	0.49792
15	62	0.495223
15	64	0.5
14	63	0.49854
13	63	0.499161
13	62	0.499161
13	64	0.5
12	63	0.498942
11	63	0.498723
11	62	0.498723
11	64	0.5
10	63	0.497227
9	63	0.495731
9	62	0.490065
9	64	0.5
8	63	0.495631
7	63	0.495532
7	62	0.489531
7	64	0.5
6	63	0.496966
5	63	0.498399
5	62	0.498399
5	64	0.5
4	63	0.498232
3	63	0.498065
3	62	0.498065
3	64	0.5
2	63	0.495962
1	63	0.49386
1	62	0.485618
1	64	0.5
0	63	0.49386
1	65	0.50614
1	66	0.514382
0	65	0.50614
2	65	0.504038
3	65	0.501935
3	66	0.501935
4	65	0.501768
5	65	0.501601
5	66	0.501601
6	65	0.503034
7	65	0.504468
7	66	0.510469
8	65	0.504369
9	65	0.504269
9	66	0.509935
10	65	0.502773
11	65	0.501277
11	66	0.501277
12	65	0.501058
13	65	0.500839
13	66	0.500839
14	65	0.50146
15	65	0.50208
15	66	0.504777
16	65	0.502084
17	65	0.502087
17	66	0.504791
18	65	0.501475
19	65	0.500863
19	66	0.500863
20	65	0.501114
21	65	0.501365
21	66	0.501365
22	65	0.502981
23	65	0.504597
23	66	0.510701
24	65	0.504707
25	65	0.504817
25	66	0.511287
26	65	0.503272
27	65	0.501728
27	66	0.501728
28	65	0.501913
29	65	0.502097
29	66	0.502097
30	65	0.504378
31	65	0.506659
31	66	0.515598
32	65	0.506659
31	67	0.524538
31	68	0.533478
30	67	0.524538
32	67	0.524538
31	69	0.542417
31	70	0.551357
30	69	0.542417
32	69	0.542417
31	71	0.560297
31	72	0.568134
30	71	0.5614
32	71	0.560297
29	71	0.562502
29	70	0.562502
29	72	0.56529
28	71	0.560818
27	71	0.559133
27	70	0.559133
27	72	0.562445
26	71	0.554137
25	71	0.549141
25	70	0.540396
25	72	0.559601
24	71	0.542428
23	71	0.535716
23	70	0.531887
23	72	0.535716
22	71	0.532833
21	71	0.52995
21	70	0.52995
21	72	0.52995
20	71	0.527067
19	71	0.524185
19	70	0.524185
19	72	0.524185
18	71	0.521302
17	71	0.518419
17	70	0.51567
17	72	0.518419
16	71	0.518285
15	71	0.518151
15	70	0.5155
15	72	0.518151
14	71	0.520669
13	71	0.523186
13	70	0.523186
13	72	0.523186
12	71	0.525703
11	71	0.528221
11	70	0.528221
11	72	0.528221
10	71	0.530738
9	71	0.533256
9	70	0.52966
9	72	0.533256
8	71	0.539369
7	71	0.545481
7	70	0.53741
7	72	0.555096
6	71	0.55005
5	71	0.55462
5	70	0.55462
5	72	0.557664
4	71	0.556144
3	71	0.557669
3	70	0.557669
3	72	0.560231
2	71	0.556632
1	71	0.555594
1	70	0.547352
1	72	0.562799
0	71	0.555594
1	73	0.570004
1	74	0.580814
0	73	0.570004
2	73	0.566399
3	73	0.562794
3	74	0.562794
4	73	0.561751
5	73	0.560708
5	74	0.560708
6	73	0.56271
7	73	0.564711
7	74	0.576328
8	73	0.564711
7	75	0.587944
7	76	0.599561
6	75	0.587944
8	75	0.587944
7	77	0.611177
7	78	0.622794
6	77	0.611177
8	77	0.611177
7	79	0.634411
7	80	0.643128
6	79	0.63731
8	79	0.634411
5	79	0.640209
5	78	0.640209
5	80	0.643074
4	79	0.640244
3	79	0.640278
3	78	0.640278
3	80	0.64302
2	79	0.637571
1	79	0.634863
1	78	0.624053
1	80	0.642966
0	79	0.634863
1	81	0.651069
1	82	0.661825
0	81	0.651069
2	81	0.648415
3	81	0.645762
3	82	0.645762
4	81	0.64585
5	81	0.645939
5	82	0.645939
6	81	0.648892
7	81	0.651845
7	82	0.663516
8	81	0.651845
7	83	0.675186
7	84	0.686856
6	83	0.675186
8	83	0.675186
7	85	0.698527
7	86	0.710197
6	85	0.698527
8	85	0.698527
7	87	0.721868
7	88	0.731685
6	87	0.723721
8	87	0.721868
5	87	0.725574
5	86	0.725574
5	88	0.728659
4	87	0.724343
3	87	0.723111
3	86	0.723111
3	88	0.725633
2	87	0.719358
1	87	0.715604
1	86	0.704848
1	88	0.722607
0	87	0.715604
1	89	0.72961
1	90	0.73734
0	89	0.72961
2	89	0.728882
3	89	0.728155
3	90	0.728155
4	89	0.729949
5	89	0.731744
5	90	0.731744
6	89	0.736623
7	89	0.741502
7	90	0.749462
8	89	0.748239
9	89	0.754976
9	88	0.754976
9	90	0.758048
10	89	0.758641
11	89	0.762307
11	88	0.762307
11	90	0.762307
12	89	0.765972
13	89	0.769637
13	88	0.769637
13	90	0.769637
14	89	0.773302
15	89	0.776967
15	88	0.776967
15	90	0.779776
16	89	0.777822
17	89	0.778677
17	88	0.778677
17	90	0.780931
18	89	0.777278
19	89	0.77588
19	88	0.77588
19	90	0.77588
20	89	0.774481
21	89	0.773082
21	88	0.773082
21	90	0.773082
22	89	0.771683
23	89	0.770284
23	88	0.770284
23	90	0.774491
24	89	0.764679
25	89	0.759073
25	88	0.74918
25	90	0.767488
26	89	0.754946
27	89	0.750819
27	88	0.74762
27	90	0.750819
28	89	0.74989
29	89	0.748962
29	88	0.746061
29	90	0.748962
30	89	0.750934
31	89	0.752906
31	88	0.744502
31	90	0.763282
32	89	0.752906
31	91	0.773658
31	92	0.784034
30	91	0.773658
32	91	0.773658
31	93	0.79441
31	94	0.804786
30	93	0.79441
32	93	0.79441
31	95	0.815162
31	96	0.824864
30	95	0.815836
32	95	0.815162
29	95	0.81651
29	94	0.81651
29	96	0.819394
28	95	0.8143
27	95	0.81209
27	94	0.81209
27	96	0.813924
26	95	0.808047
25	95	0.804003
25	94	0.79697
25	96	0.808453
24	95	0.802543
23	95	0.801083
23	94	0.795495
23	96	0.805288
22	95	0.801007
21	95	0.800931
21	94	0.800931
21	96	0.802177
20	95	0.799609
19	95	0.798288
19	94	0.798288
19	96	0.799066
18	95	0.796187
17	95	0.794086
17	94	0.79119
17	96	0.795956
16	95	0.793014
15	95	0.791941
15	94	0.789774
15	96	0.7938
14	95	0.791176
13	95	0.790411
13	94	0.790411
13	96	0.791156
12	95	0.788901
11	95	0.787391
11	94	0.787391
11	96	0.788513
10	95	0.784759
9	95	0.782127
9	94	0.776545
9	96	0.78587
8	95	0.781334
7	95	0.780541
7	94	0.775091
7	96	0.784457
6	95	0.781282
5	95	0.782023
5	94	0.782023
5	96	0.783426
4	95	0.781362
3	95	0.7807
3	94	0.7807
3	96	0.782395
2	95	0.778345
1	95	0.775989
1	94	0.768259
1	96	0.781363
0	95	0.775989
1	97	0.786738
1	98	0.793437
0	97	0.786738
2	97	0.785413
3	97	0.784089
3	98	0.784089
4	97	0.784458
5	97	0.784828
5	98	0.784828
6	97	0.7866
7	97	0.788372
7	98	0.79344
8	97	0.788992
9	97	0.789612
9	98	0.793964
10	97	0.789624
11	97	0.789635
11	98	0.789635
12	97	0.790768
13	97	0.791902
13	98	0.791902
14	97	0.79378
15	97	0.795659
15	98	0.798314
16	97	0.796742
17	97	0.797825
17	98	0.799767
18	97	0.798835
19	97	0.799845
19	98	0.799845
20	97	0.801634
21	97	0.803423
21	98	0.803423
22	97	0.806457
23	97	0.809492
23	98	0.815026
24	97	0.811197
25	97	0.812903
25	98	0.817631
26	97	0.81433
27	97	0.815757
27	98	0.815757
28	97	0.819017
29	97	0.822278
29	98	0.822278
30	97	0.828422
31	97	0.834567
31	98	0.842561
32	97	0.842419
33	97	0.850271
33	96	0.850271
33	98	0.852653
34	97	0.855742
35	97	0.861212
35	96	0.861212
35	98	0.861212
36	97	0.866683
37	97	0.872153
37	96	0.872153
37	98	0.872153
38	97	0.877623
39	97	0.883094
39	96	0.883094
39	98	0.885399
40	97	0.886259
41	97	0.889425
41	96	0.889425
41	98	0.889479
42	97	0.892535
43	97	0.895646
43	96	0.895646
43	98	0.895646
44	97	0.898757
45	97	0.901867
45	96	0.901867
45	98	0.901867
46	97	0.904978
47	97	0.908089
47	96	0.908089
47	98	0.909044
48	97	0.910245
49	97	0.9124
49	96	0.9124
49	98	0.911913
50	97	0.915044
51	97	0.917687
51	96	0.917687
51	98	0.917687
52	97	0.92033
53	97	0.922974
53	96	0.922974
53	98	0.922974
54	97	0.925617
55	97	0.928261
55	96	0.928261
55	98	0.929491
56	97	0.929674
57	97	0.931087
57	96	0.931087
57	98	0.931469
58	97	0.932118
59	97	0.933149
59	96	0.933149
59	98	0.933149
60	97	0.93418
61	97	0.935211
61	96	0.935211
61	98	0.935211
62	97	0.936242
63	97	0.937273
63	96	0.937273
63	98	0.938304
64	97	0.937273
65	97	0.937273
65	96	0.937273
65	98	0.938304
66	97	0.936242
67	97	0.935211
67	96	0.935211
67	98	0.935211
68	97	0.93418
69	97	0.933149
69	96	0.933149
69	98	0.933149
70	97	0.932118
71	97	0.931087
71	96	0.931087
71	98	0.931469
72	97	0.929674
73	97	0.928261
73	96	0.928261
73	98	0.929491
74	97	0.925617
75	97	0.922974
75	96	0.922974
75	98	0.922974
76	97	0.92033
77	97	0.917687
77	96	0.917687
77	98	0.917687
78	97	0.915044
79	97	0.9124
79	96	0.9124
79	98	0.911913
80	97	0.910245
81	97	0.908089
81	96	0.908089
81	98	0.909044
82	97	0.904978
83	97	0.901867
83	96	0.901867
83	98	0.901867
84	97	0.898757
85	97	0.895646
85	96	0.895646
85	98	0.895646
86	97	0.892535
87	97	0.889425
87	96	0.889425
87	98	0.889479
88	97	0.886259
89	97	0.883094
89	96	0.883094
89	98	0.885399
90	97	0.877623
91	97	0.872153
91	96	0.872153
91	98	0.872153
92	97	0.866683
93	97	0.861212
93	96	0.861212
93	98	0.861212
94	97	0.855742
95	97	0.850271
95	96	0.850271
95	98	0.852653
96	97	0.842419
97	97	0.834567
97	96	0.824864
97	98	0.842561
98	97	0.828422
99	97	0.822278
99	96	0.819394
99	98	0.822278
100	97	0.819017
101	97	0.815757
101	96	0.813924
101	98	0.815757
102	97	0.81433
103	97	0.812903
103	96	0.808453
103	98	0.817631
104	97	0.811197
105	97	0.809492
105	96	0.805288
105	98	0.815026
106	97	0.806457
107	97	0.803423
107	96	0.802177
107	98	0.803423
108	97	0.801634
109	97	0.799845
109	96	0.799066
109	98	0.799845
110	97	0.798835
111	97	0.797825
111	96	0.795956
111	98	0.799767
112	97	0.796742
113	97	0.795659
113	96	0.7938
113	98	0.798314
114	97	0.79378
115	97	0.791902
115	96	0.791156
115	98	0.791902
116	97	0.790768
117	97	0.789635
117	96	0.788513
117	98	0.789635
118	97	0.789624
119	97	0.789612
119	96	0.78587
119	98	0.793964
120	97	0.788992
121	97	0.788372
121	96	0.784457
121	98	0.79344
122	97	0.7866
123	97	0.784828
123	96	0.783426
123	98	0.784828
124	97	0.784458
125	97	0.784089
125	96	0.782395
125	98	0.784089
126	97	0.785413
127	97	0.786738
127	96	0.781363
127	98	0.793437
128	97	0.786738
127	99	0.800135
127	100	0.806834
126	99	0.800135
128	99	0.800135
127	101	0.813533
127	102	0.820232
126	101	0.813533
128	101	0.813533
127	103	0.826931
127	104	0.832537
126	103	0.828023
128	103	0.826931
125	103	0.829116
125	102	0.829116
125	104	0.831076
124	103	0.828248
123	103	0.827379
123	102	0.827379
123	104	0.829616
122	103	0.824275
121	103	0.821171
121	102	0.815003
121	104	0.828155
120	103	0.81725
119	103	0.813329
119	102	0.810078
119	104	0.813329
118	103	0.81266
117	103	0.811991
117	102	0.811991
117	104	0.811991
116	103	0.811321
115	103	0.810652
115	102	0.810652
115	104	0.810652
114	103	0.809983
113	103	0.809313
113	102	0.807426
113	104	0.809313
112	103	0.810532
111	103	0.81175
111	102	0.809041
111	104	0.81175
110	103	0.815677
109	103	0.819604
109	102	0.819604
109	104	0.819604
108	103	0.823532
107	103	0.827459
107	102	0.827459
107	104	0.827459
106	103	0.831386
105	103	0.835314
105	102	0.832571
105	104	0.835314
104	103	0.841983
103	103	0.848653
103	102	0.841133
103	104	0.856848
102	103	0.854647
101	103	0.860641
101	102	0.860641
101	104	0.863112
100	103	0.864164
99	103	0.867687
99	102	0.867687
99	104	0.869376
98	103	0.86952
97	103	0.871354
97	102	0.866708
97	104	0.87564
96	103	0.873547
95	103	0.87574
95	102	0.87001
95	104	0.879858
94	103	0.879546
93	103	0.883351
93	102	0.883351
93	104	0.884563
92	103	0.885946
91	103	0.88854
91	102	0.88854
91	104	0.889268
90	103	0.890407
89	103	0.892274
89	102	0.891379
89	104	0.893973
88	103	0.893338
87	103	0.894402
87	102	0.892938
87	104	0.894402
86	103	0.896931
85	103	0.899459
85	102	0.899459
85	104	0.899459
84	103	0.901988
83	103	0.904516
83	102	0.904516
83	104	0.904516
82	103	0.907044
81	103	0.909573
81	102	0.910028
81	104	0.909573
80	103	0.911646
79	103	0.91372
79	102	0.912798
79	104	0.91372
78	103	0.916716
77	103	0.919711
77	102	0.919711
77	104	0.919711
76	103	0.922707
75	103	0.925703
75	102	0.925703
75	104	0.925703
74	103	0.928699
73	103	0.931694
73	102	0.931874
73	104	0.931694
72	103	0.934511
71	103	0.937327
71	102	0.935535
71	104	0.94016
70	103	0.939102
69	103	0.940877
69	102	0.940877
69	104	0.941725
68	103	0.941803
67	103	0.942729
67	102	0.942729
67	104	0.943291
66	103	0.943094
65	103	0.94346
65	102	0.942429
65	104	0.944856
64	103	0.94346
63	103	0.94346
63	102	0.942429
63	104	0.944856
62	103	0.943094
61	103	0.942729
61	102	0.942729
61	104	0.943291
60	103	0.941803
59	103	0.940877
59	102	0.940877
59	104	0.941725
58	103	0.939102
57	103	0.937327
57	102	0.935535
57	104	0.94016
56	103	0.934511
55	103	0.931694
55	102	0.931874
55	104	0.931694
54	103	0.928699
53	103	0.925703
53	102	0.925703
53	104	0.925703
52	103	0.922707
51	103	0.919711
51	102	0.919711
51	104	0.919711
50	103	0.916716
49	103	0.91372
49	102	0.912798
49	104	0.91372
48	103	0.911646
47	103	0.909573
47	102	0.910028
47	104	0.909573
46	103	0.907044
45	103	0.904516
45	102	0.904516
45	104	0.904516
44	103	0.901988
43	103	0.899459
43	102	0.899459
43	104	0.899459
42	103	0.896931
41	103	0.894402
41	102	0.892938
41	104	0.894402
40	103	0.893338
39	103	0.892274
39	102	0.891379
39	104	0.893973
38	103	0.890407
37	103	0.88854
37	102	0.88854
37	104	0.889268
36	103	0.885946
35	103	0.883351
35	102	0.883351
35	104	0.884563
34	103	0.879546
33	103	0.87574
33	102	0.87001
33	104	0.879858
32	103	0.873547
31	103	0.871354
31	102	0.866708
31	104	0.87564
30	103	0.86952
29	103	0.867687
29	102	0.867687
29	104	0.869376
28	103	0.864164
27	103	0.860641
27	102	0.860641
27	104	0.863112
26	103	0.854647
25	103	0.848653
25	102	0.841133
25	104	0.856848
24	103	0.841983
23	103	0.835314
23	102	0.832571
23	104	0.835314
22	103	0.831386
21	103	0.827459
21	102	0.827459
21	104	0.827459
20	103	0.823532
19	103	0.819604
19	102	0.819604
19	104	0.819604
18	103	0.815677
17	103	0.81175
17	102	0.809041
17	104	0.81175
16	103	0.810532
15	103	0.809313
15	102	0.807426
15	104	0.809313
14	103	0.809983
13	103	0.810652
13	102	0.810652
13	104	0.810652
12	103	0.811321
11	103	0.811991
11	102	0.811991
11	104	0.811991
10	103	0.81266
9	103	0.813329
9	102	0.810078
9	104	0.813329
8	103	0.81725
7	103	0.821171
7	102	0.815003
7	104	0.828155
6	103	0.824275
5	103	0.827379
5	102	0.827379
5	104	0.829616
4	103	0.828248
3	103	0.829116
3	102	0.829116
3	104	0.831076
2	103	0.828023
1	103	0.826931
1	102	0.820232
1	104	0.832537
0	103	0.826931
1	105	0.838144
1	106	0.846303
0	105	0.838144
2	105	0.83559
3	105	0.833037
3	106	0.833037
4	105	0.832444
5	105	0.831852
5	106	0.831852
6	105	0.833495
7	105	0.835139
7	106	0.843766
8	105	0.835139
7	107	0.852394
7	108	0.861022
6	107	0.852394
8	107	0.852394
7	109	0.86965
7	110	0.878277
6	109	0.86965
8	109	0.86965
7	111	0.886905
7	112	0.893389
6	111	0.889049
8	111	0.886905
5	111	0.891192
5	110	0.891192
5	112	0.893329
4	111	0.8912
3	111	0.891208
3	110	0.891208
3	112	0.893268
2	111	0.889155
1	111	0.887102
1	110	0.878942
1	112	0.893208
0	111	0.887102
1	113	0.899315
1	114	0.907414
0	113	0.899315
2	113	0.897322
3	113	0.895329
3	114	0.895329
4	113	0.895397
5	113	0.895465
5	114	0.895465
6	113	0.897669
7	113	0.899873
7	114	0.908561
8	113	0.899873
7	115	0.917248
7	116	0.925936
6	115	0.917248
8	115	0.917248
7	117	0.934624
7	118	0.943312
6	117	0.934624
8	117	0.934624
7	119	0.952
7	120	0.95921
6	119	0.953478
8	119	0.952
5	119	0.954956
5	118	0.954956
5	120	0.957237
4	119	0.954153
3	119	0.953349
3	118	0.953349
3	120	0.955265
2	119	0.950631
1	119	0.947912
1	118	0.939812
1	120	0.953293
0	119	0.947912
1	121	0.958673
1	122	0.964801
0	121	0.958673
2	121	0.957927
3	121	0.95718
3	122	0.95718
4	121	0.95835
5	121	0.959519
5	122	0.959519
6	121	0.962969
7	121	0.966419
7	122	0.972412
8	121	0.971086
9	121	0.975753
9	120	0.975753
9	122	0.978329
10	121	0.977844
11	121	0.979935
11	120	0.979935
11	122	0.979935
12	121	0.982027
13	121	0.984118
13	120	0.984118
13	122	0.984118
14	121	0.986209
15	121	0.9883
15	120	0.9883
15	122	0.990093
16	121	0.988598
17	121	0.988896
17	120	0.988896
17	122	0.990471
18	121	0.98762
19	121	0.986344
19	120	0.986344
19	122	0.986344
20	121	0.985067
21	121	0.983791
21	120	0.983791
21	122	0.983791
22	121	0.982515
23	121	0.981238
23	120	0.981238
23	122	0.983292
24	121	0.977908
25	121	0.974577
25	120	0.969166
25	122	0.97907
26	121	0.972166
27	121	0.969754
27	120	0.968049
27	122	0.969754
28	121	0.969047
29	121	0.968339
29	120	0.966932
29	122	0.968339
30	121	0.969039
31	121	0.969739
31	120	0.965816
31	122	0.97425
32	121	0.969852
33	121	0.969964
33	120	0.966051
33	122	0.974393
34	121	0.969561
35	121	0.969158
35	120	0.967778
35	122	0.969158
36	121	0.970135
37	121	0.971113
37	120	0.969505
37	122	0.971113
38	121	0.973697
39	121	0.976282
39	120	0.971233
39	122	0.980533
40	121	0.979664
41	121	0.983046
41	120	0.983046
41	122	0.984821
42	121	0.984652
43	121	0.986259
43	120	0.986259
43	122	0.986259
44	121	0.987865
45	121	0.989472
45	120	0.989472
45	122	0.989472
46	121	0.991078
47	121	0.992685
47	120	0.992685
47	122	0.993859
48	121	0.993117
49	121	0.993549
49	120	0.993549
49	122	0.994407
50	121	0.993123
51	121	0.992696
51	120	0.992696
51	122	0.992696
52	121	0.99227
53	121	0.991844
53	120	0.991844
53	122	0.991844
54	121	0.991417
55	121	0.990991
55	120	0.990991
55	122	0.99201
56	121	0.989545
57	121	0.988099
57	120	0.985694
57	122	0.990178
58	121	0.986981
59	121	0.985862
59	120	0.985099
59	122	0.985862
60	121	0.985506
61	121	0.98515
61	120	0.984504
61	122	0.98515
62	121	0.985441
63	121	0.985733
63	120	0.983908
63	122	0.987848
64	121	0.985733
65	121	0.985733
65	120	0.983908
65	122	0.987848
66	121	0.985441
67	121	0.98515
67	120	0.984504
67	122	0.98515
68	121	0.985506
69	121	0.985862
69	120	0.985099
69	122	0.985862
70	121	0.986981
71	121	0.988099
71	120	0.985694
71	122	0.990178
72	121	0.989545
73	121	0.990991
73	120	0.990991
73	122	0.99201
74	121	0.991417
75	121	0.991844
75	120	0.991844
75	122	0.991844
76	121	0.99227
77	121	0.992696
77	120	0.992696
77	122	0.992696
78	121	0.993123
79	121	0.993549
79	120	0.993549
79	122	0.994407
80	121	0.993117
81	121	0.992685
81	120	0.992685
81	122	0.993859
82	121	0.991078
83	121	0.989472
83	120	0.989472
83	122	0.989472
84	121	0.987865
85	121	0.986259
85	120	0.986259
85	122	0.986259
86	121	0.984652
87	121	0.983046
87	120	0.983046
87	122	0.984821
88	121	0.979664
89	121	0.976282
89	120	0.971233
89	122	0.980533
90	121	0.973697
91	121	0.971113
91	120	0.969505
91	122	0.971113
92	121	0.970135
93	121	0.969158
93	120	0.967778
93	122	0.969158
94	121	0.969561
95	121	0.969964
95	120	0.966051
95	122	0.974393
96	121	0.969852
97	121	0.969739
97	120	0.965816
97	122	0.97425
98	121	0.969039
99	121	0.968339
99	120	0.966932
99	122	0.968339
100	121	0.969047
101	121	0.969754
101	120	0.968049
101	122	0.969754
102	121	0.972166
103	121	0.974577
103	120	0.969166
103	122	0.97907
104	121	0.977908
105	121	0.981238
105	120	0.981238
105	122	0.983292
106	121	0.982515
107	121	0.983791
107	120	0.983791
107	122	0.983791
108	121	0.985067
109	121	0.986344
109	120	0.986344
109	122	0.986344
110	121	0.98762
111	121	0.988896
111	120	0.988896
111	122	0.990471
112	121	0.988598
113	121	0.9883
113	120	0.9883
113	122	0.990093
114	121	0.986209
115	121	0.984118
115	120	0.984118
115	122	0.984118
116	121	0.982027
117	121	0.979935
117	120	0.979935
117	122	0.979935
118	121	0.977844
119	121	0.975753
119	120	0.975753
119	122	0.978329
120	121	0.971086
121	121	0.966419
121	120	0.95921
121	122	0.972412
122	121	0.962969
123	121	0.959519
123	120	0.957237
123	122	0.959519
124	121	0.95835
125	121	0.95718
125	120	0.955265
125	122	0.95718
126	121	0.957927
127	121	0.958673
127	120	0.953293
127	122	0.964801
128	121	0.958673
127	123	0.970928
127	124	0.977055
126	123	0.970928
128	123	0.970928
127	125	0.983182
127	126	0.989309
126	125	0.983182
128	125	0.983182
127	127	0.995437
126	127	0.997
128	127	0.995437
125	127	0.998564
125	126	0.998564
124	127	0.998692
123	127	0.99882
123	126	0.99882
122	127	0.997768
121	127	0.996717
121	126	0.992305
120	127	0.996793
119	127	0.99687
119	126	0.992713
118	127	0.997974
117	127	0.999078
117	126	0.999078
116	127	0.99926
115	127	0.999443
115	126	0.999443
114	127	0.999068
113	127	0.998692
113	126	0.997002
112	127	0.998701
111	127	0.998709
111	126	0.997032
110	127	0.999102
109	127	0.999496
109	126	0.999496
108	127	0.999385
107	127	0.999274
107	126	0.999274
106	127	0.998438
105	127	0.997601
105	126	0.99442
104	127	0.997548
103	127	0.997495
103	126	0.99413
102	127	0.998303
101	127	0.99911
101	126	0.99911
100	127	0.999027
99	127	0.998945
99	126	0.998945
98	127	0.997806
97	127	0.996668
97	126	0.992195
96	127	0.996671
95	127	0.996673
95	126	0.992206
94	127	0.997816
93	127	0.998959
93	126	0.998959
92	127	0.99906
91	127	0.999162
91	126	0.999162
90	127	0.998425
89	127	0.997688
89	126	0.994583
88	127	0.997745
87	127	0.997801
87	126	0.99488
86	127	0.998581
85	127	0.999361
85	126	0.999361
84	127	0.999501
83	127	0.999641
83	126	0.999641
82	127	0.999422
81	127	0.999204
81	126	0.998177
80	127	0.999216
79	127	0.999227
79	126	0.998221
78	127	0.999473
77	127	0.999718
77	126	0.999718
76	127	0.999681
75	127	0.999645
75	126	0.999645
74	127	0.999253
73	127	0.998861
73	126	0.997352
72	127	0.998838
71	127	0.998816
71	126	0.997227
70	127	0.999197
69	127	0.999579
69	126	0.999579
68	127	0.99954
67	127	0.999501
67	126	0.999501
66	127	0.998962
65	127	0.998423
65	126	0.996308
64	127	0.998423
63	127	0.998423
63	126	0.996308
62	127	0.998962
61	127	0.999501
61	126	0.999501
60	127	0.99954
59	127	0.999579
59	126	0.999579
58	127	0.999197
57	127	0.998816
57	126	0.997227
56	127	0.998838
55	127	0.998861
55	126	0.997352
54	127	0.999253
53	127	0.999645
53	126	0.999645
52	127	0.999681
51	127	0.999718
51	126	0.999718
50	127	0.999473
49	127	0.999227
49	126	0.998221
48	127	0.999216
47	127	0.999204
47	126	0.998177
46	127	0.999422
45	127	0.999641
45	126	0.999641
44	127	0.999501
43	127	0.999361
43	126	0.999361
42	127	0.998581
41	127	0.997801
41	126	0.99488
40	127	0.997745
39	127	0.997688
39	126	0.994583
38	127	0.998425
37	127	0.999162
37	126	0.999162
36	127	0.99906
35	127	0.998959
35	126	0.998959
34	127	0.997816
33	127	0.996673
33	126	0.992206
32	127	0.996671
31	127	0.996668
31	126	0.992195
30	127	0.997806
29	127	0.998945
29	126	0.998945
28	127	0.999027
27	127	0.99911
27	126	0.99911
26	127	0.998303
25	127	0.997495
25	126	0.99413
24	127	0.997548
23	127	0.997601
23	126	0.99442
22	127	0.998438
21	127	0.999274
21	126	0.999274
20	127	0.999385
19	127	0.999496
19	126	0.999496
18	127	0.999102
17	127	0.998709
17	126	0.997032
16	127	0.998701
15	127	0.998692
15	126	0.997002
14	127	0.999068
13	127	0.999443
13	126	0.999443
12	127	0.99926
11	127	0.999078
11	126	0.999078
10	127	0.997974
9	127	0.99687
9	126	0.992713
8	127	0.996793
7	127	0.996717
7	126	0.992305
6	127	0.997768
5	127	0.99882
5	126	0.99882
4	127	0.998692
3	127	0.998564
3	126	0.998564
2	127	0.997
1	127	0.995437
1	126	0.989309
0	127	0.995437
1	125	0.983182
1	124	0.977055
0	125	0.983182
2	125	0.983182
1	123	0.970928
0	123	0.970928
2	123	0.970928
7	125	0.987893
7	124	0.983149
6	125	0.987893
8	125	0.988224
9	125	0.988556
9	124	0.98473
10	125	0.988556
9	123	0.980905
8	123	0.979655
10	123	0.980905
7	123	0.978406
6	123	0.978406
15	125	0.995311
15	124	0.993598
14	125	0.995311
16	125	0.995333
17	125	0.995355
17	124	0.9937
18	125	0.995355
17	123	0.992046
16	123	0.991966
18	123	0.992046
15	123	0.991886
14	123	0.991886
23	125	0.991238
23	124	0.988292
22	125	0.991238
24	125	0.991002
25	125	0.990765
25	124	0.987164
26	125	0.990765
25	123	0.983563
24	123	0.984455
26	123	0.983563
23	123	0.985346
22	123	0.985346
31	125	0.987723
31	124	0.983242
30	125	0.987723
32	125	0.987731
33	125	0.987739
33	124	0.98328
34	125	0.987739
33	123	0.978821
32	123	0.978791
34	123	0.978821
31	123	0.978761
30	123	0.978761
39	125	0.991477
39	124	0.988131
38	125	0.991477
40	125	0.991718
41	125	0.991958
41	124	0.989277
42	125	0.991958
41	123	0.986596
40	123	0.985691
42	123	0.986596
39	123	0.984785
38	123	0.984785
47	125	0.997151
47	124	0.996092
46	125	0.997151
48	125	0.997183
49	125	0.997215
49	124	0.99624
50	125	0.997215
49	123	0.995266
48	123	0.99515
50	123	0.995266
47	123	0.995034
46	123	0.995034
55	125	0.995843
55	124	0.994436
54	125	0.995843
56	125	0.99574
57	125	0.995638
57	124	0.993947
58	125	0.995638
57	123	0.992256
56	123	0.992643
58	123	0.992256
55	123	0.99303
54	123	0.99303
63	125	0.994193
63	124	0.992078
62	125	0.994193
64	125	0.994193
65	125	0.994193
65	124	0.992078
66	125	0.994193
65	123	0.989963
64	123	0.989963
66	123	0.989963
63	123	0.989963
62	123	0.989963
71	125	0.995638
71	124	0.993947
70	125	0.995638
72	125	0.99574
73	125	0.995843
73	124	0.994436
74	125	0.995843
73	123	0.99303
72	123	0.992643
74	123	0.99303
71	123	0.992256
70	123	0.992256
79	125	0.997215
79	124	0.99624
78	125	0.997215
80	125	0.997183
81	125	0.997151
81	124	0.996092
82	125	0.997151
81	123	0.995034
80	123	0.99515
82	123	0.995034
79	123	0.995266
78	123	0.995266
87	125	0.991958
87	124	0.989277
86	125	0.991958
88	125	0.991718
89	125	0.991477
89	124	0.988131
90	125	0.991477
89	123	0.984785
88	123	0.985691
90	123	0.984785
87	123	0.986596
86	123	0.986596
95	125	0.987739
95	124	0.98328
94	125	0.987739
96	125	0.987731
97	125	0.987723
97	124	0.983242
98	125	0.987723
97	123	0.978761
96	123	0.978791
98	123	0.978761
95	123	0.978821
94	123	0.978821
103	125	0.990765
103	124	0.987164
102	125	0.990765
104	125	0.991002
105	125	0.991238
105	124	0.988292
106	125	0.991238
105	123	0.985346
104	123	0.984455
106	123	0.985346
103	123	0.983563
102	123	0.983563
111	125	0.995355
111	124	0.9937
110	125	0.995355
112	125	0.995333
113	125	0.995311
113	124	0.993598
114	125	0.995311
113	123	0.991886
112	123	0.991966
114	123	0.991886
111	123	0.992046
110	123	0.992046
119	125	0.988556
119	124	0.98473
118	125	0.988556
120	125	0.988224
121	125	0.987893
121	124	0.983149
122	125	0.987893
121	123	0.978406
120	123	0.979655
122	123	0.978406
119	123	0.980905
118	123	0.980905
127	119	0.947912
127	118	0.939812
126	119	0.950631
128	119	0.947912
125	119	0.953349
125	118	0.953349
124	119	0.954153
123	119	0.954956
123	118	0.954956
122	119	0.953478
121	119	0.952
121	118	0.943312
120	119	0.952
121	117	0.934624
121	116	0.925936
120	117	0.934624
122	117	0.934624
121	115	0.917248
121	114	0.908561
120	115	0.917248
122	115	0.917248
121	113	0.899873
121	112	0.893389
120	113	0.899873
122	113	0.897669
123	113	0.895465
123	112	0.893329
123	114	0.895465
124	113	0.895397
125	113	0.895329
125	112	0.893268
125	114	0.895329
126	113	0.897322
127	113	0.899315
127	112	0.893208
127	114	0.907414
128	113	0.899315
127	115	0.915514
127	116	0.923613
126	115	0.915514
128	115	0.915514
127	117	0.931713
126	117	0.931713
128	117	0.931713
127	111	0.887102
127	110	0.878942
126	111	0.889155
128	111	0.887102
125	111	0.891208
125	110	0.891208
124	111	0.8912
123	111	0.891192
123	110	0.891192
122	111	0.889049
121	111	0.886905
121	110	0.878277
120	111	0.886905
121	109	0.86965
121	108	0.861022
120	109	0.86965
122	109	0.86965
121	107	0.852394
121	106	0.843766
120	107	0.852394
122	107	0.852394
121	105	0.835139
120	105	0.835139
122	105	0.833495
123	105	0.831852
123	106	0.831852
124	105	0.832444
125	105	0.833037
125	106	0.833037
126	105	0.83559
127	105	0.838144
127	106	0.846303
128	105	0.838144
127	107	0.854463
127	108	0.862623
126	107	0.854463
128	107	0.854463
127	109	0.870782
126	109	0.870782
128	109	0.870782
103	119	0.963755
103	118	0.957048
102	119	0.96505
104	119	0.963755
101	119	0.966345
101	118	0.966345
100	119	0.965935
99	119	0.965525
99	118	0.965525
98	119	0.963709
97	119	0.961892
97	118	0.956029
96	119	0.962015
95	119	0.962137
95	118	0.956216
94	119	0.964268
93	119	0.966398
93	118	0.966398
92	119	0.967148
91	119	0.967898
91	118	0.967898
90	119	0.967041
89	119	0.966184
89	118	0.960278
88	119	0.966184
89	117	0.954372
89	116	0.948465
88	117	0.954372
90	117	0.954372
89	115	0.942559
89	114	0.936653
88	115	0.942559
90	115	0.942559
89	113	0.930747
89	112	0.926818
88	113	0.930747
90	113	0.928769
91	113	0.926792
91	112	0.925449
91	114	0.926792
92	113	0.926157
93	113	0.925523
93	112	0.924079
93	114	0.925523
94	113	0.926332
95	113	0.927142
95	112	0.922709
95	114	0.932862
96	113	0.926663
97	113	0.926184
97	112	0.92171
97	114	0.932248
98	113	0.924116
99	113	0.922049
99	112	0.920491
99	114	0.922049
100	113	0.921538
101	113	0.921028
101	112	0.919273
101	114	0.921028
102	113	0.922272
103	113	0.923516
103	112	0.918054
103	114	0.930223
104	113	0.923516
103	115	0.936929
103	116	0.943635
102	115	0.936929
104	115	0.936929
103	117	0.950342
102	117	0.950342
104	117	0.950342
103	111	0.912592
103	110	0.904667
102	111	0.915055
104	111	0.912592
101	111	0.917518
101	110	0.917518
100	111	0.918226
99	111	0.918934
99	110	0.918934
98	111	0.918085
97	111	0.917236
97	110	0.911391
96	111	0.917756
95	111	0.918277
95	110	0.912186
94	111	0.920456
93	111	0.922635
93	110	0.922635
92	111	0.92337
91	111	0.924106
91	110	0.924106
90	111	0.923498
89	111	0.92289
89	110	0.918353
88	111	0.92289
89	109	0.913817
89	108	0.909281
88	109	0.913817
90	109	0.913817
89	107	0.904744
89	106	0.900208
88	107	0.904744
90	107	0.904744
89	105	0.895671
88	105	0.895671
90	105	0.892833
91	105	0.889995
91	106	0.889995
92	105	0.887885
93	105	0.885774
93	106	0.885774
94	105	0.884875
95	105	0.883975
95	106	0.889218
96	105	0.881951
97	105	0.879926
97	106	0.886619
98	105	0.875496
99	105	0.871065
99	106	0.871065
100	105	0.868324
101	105	0.865583
101	106	0.865583
102	105	0.865313
103	105	0.865043
103	106	0.872968
104	105	0.865043
103	107	0.880893
103	108	0.888817
102	107	0.880893
104	107	0.880893
103	109	0.896742
102	109	0.896742
104	109	0.896742
97	107	0.893311
97	108	0.899429
96	107	0.893886
98	107	0.893311
95	107	0.89446
95	108	0.900278
94	107	0.89446
95	109	0.906095
94	109	0.906095
96	109	0.905821
97	109	0.905547
98	109	0.905547
97	115	0.938311
97	116	0.944239
96	115	0.938447
98	115	0.938311
95	115	0.938583
95	116	0.944439
94	115	0.938583
95	117	0.950295
94	117	0.950295
96	117	0.950231
97	117	0.950166
98	117	0.950166
71	119	0.983289
71	118	0.98036
70	119	0.983812
72	119	0.983289
69	119	0.984336
69	118	0.984336
68	119	0.984096
67	119	0.983857
67	118	0.983857
66	119	0.982971
65	119	0.982084
65	118	0.979374
64	119	0.982084
63	119	0.982084
63	118	0.979374
62	119	0.982971
61	119	0.983857
61	118	0.983857
60	119	0.984096
59	119	0.984336
59	118	0.984336
58	119	0.983812
57	119	0.983289
57	118	0.98036
56	119	0.983289
57	117	0.977432
57	116	0.974503
56	117	0.977432
58	117	0.977432
57	115	0.971574
57	114	0.968646
56	115	0.971574
58	115	0.971574
57	113	0.965717
57	112	0.963483
56	113	0.965717
58	113	0.965022
59	113	0.964326
59	112	0.963598
59	114	0.964326
60	113	0.96436
61	113	0.964393
61	112	0.963712
61	114	0.964393
62	113	0.965107
63	113	0.965822
63	112	0.963826
63	114	0.968532
64	113	0.965822
65	113	0.965822
65	112	0.963826
65	114	0.968532
66	113	0.965107
67	113	0.964393
67	112	0.963712
67	114	0.964393
68	113	0.96436
69	113	0.964326
69	112	0.963598
69	114	0.964326
70	113	0.965022
71	113	0.965717
71	112	0.963483
71	114	0.968646
72	113	0.965717
71	115	0.971574
71	116	0.974503
70	115	0.971574
72	115	0.971574
71	117	0.977432
70	117	0.977432
72	117	0.977432
71	111	0.96125
71	110	0.958207
70	111	0.96206
72	111	0.96125
69	111	0.962869
69	110	0.962869
68	111	0.96295
67	111	0.963031
67	110	0.963031
66	111	0.96243
65	111	0.96183
65	110	0.959234
64	111	0.96183
63	111	0.96183
63	110	0.959234
62	111	0.96243
61	111	0.963031
61	110	0.963031
60	111	0.96295
59	111	0.962869
59	110	0.962869
58	111	0.96206
57	111	0.96125
57	110	0.958207
56	111	0.96125
57	109	0.955164
57	108	0.952122
56	109	0.955164
58	109	0.955164
57	107	0.949079
57	106	0.946036
56	107	0.949079
58	107	0.949079
57	105	0.942993
56	105	0.942993
58	105	0.942784
59	105	0.942574
59	106	0.942574
60	105	0.943213
61	105	0.943852
61	106	0.943852
62	105	0.945052
63	105	0.946252
63	106	0.948848
64	105	0.946252
65	105	0.946252
65	106	0.948848
66	105	0.945052
67	105	0.943852
67	106	0.943852
68	105	0.943213
69	105	0.942574
69	106	0.942574
70	105	0.942784
71	105	0.942993
71	106	0.946036
72	105	0.942993
71	107	0.949079
71	108	0.952122
70	107	0.949079
72	107	0.949079
71	109	0.955164
70	109	0.955164
72	109	0.955164
65	107	0.951445
65	108	0.954041
64	107	0.951445
66	107	0.951445
63	107	0.951445
63	108	0.954041
62	107	0.951445
63	109	0.956637
62	109	0.956637
64	109	0.956637
65	109	0.956637
66	109	0.956637
65	115	0.971243
65	116	0.973953
64	115	0.971243
66	115	0.971243
63	115	0.971243
63	116	0.973953
62	115	0.971243
63	117	0.976663
62	117	0.976663
64	117	0.976663
65	117	0.976663
66	117	0.976663
39	119	0.966184
39	118	0.960278
38	119	0.967041
40	119	0.966184
37	119	0.967898
37	118	0.967898
36	119	0.967148
35	119	0.966398
35	118	0.966398
34	119	0.964268
33	119	0.962137
33	118	0.956216
32	119	0.962015
31	119	0.961892
31	118	0.956029
30	119	0.963709
29	119	0.965525
29	118	0.965525
28	119	0.965935
27	119	0.966345
27	118	0.966345
26	119	0.96505
25	119	0.963755
25	118	0.957048
24	119	0.963755
25	117	0.950342
25	116	0.943635
24	117	0.950342
26	117	0.950342
25	115	0.936929
25	114	0.930223
24	115	0.936929
26	115	0.936929
25	113	0.923516
25	112	0.918054
24	113	0.923516
26	113	0.922272
27	113	0.921028
27	112	0.919273
27	114	0.921028
28	113	0.921538
29	113	0.922049
29	112	0.920491
29	114	0.922049
30	113	0.924116
31	113	0.926184
31	112	0.92171
31	114	0.932248
32	113	0.926663
33	113	0.927142
33	112	0.922709
33	114	0.932862
34	113	0.926332
35	113	0.925523
35	112	0.924079
35	114	0.925523
36	113	0.926157
37	113	0.926792
37	112	0.925449
37	114	0.926792
38	113	0.928769
39	113	0.930747
39	112	0.926818
39	114	0.936653
40	113	0.930747
39	115	0.942559
39	116	0.948465
38	115	0.942559
40	115	0.942559
39	117	0.954372
38	117	0.954372
40	117	0.954372
39	111	0.92289
39	110	0.918353
38	111	0.923498
40	111	0.92289
37	111	0.924106
37	110	0.924106
36	111	0.92337
35	111	0.922635
35	110	0.922635
34	111	0.920456
33	111	0.918277
33	110	0.912186
32	111	0.917756
31	111	0.917236
31	110	0.911391
30	111	0.918085
29	111	0.918934
29	110	0.918934
28	111	0.918226
27	111	0.917518
27	110	0.917518
26	111	0.915055
25	111	0.912592
25	110	0.904667
24	111	0.912592
25	109	0.896742
25	108	0.888817
24	109	0.896742
26	109	0.896742
25	107	0.880893
25	106	0.872968
24	107	0.880893
26	107	0.880893
25	105	0.865043
24	105	0.865043
26	105	0.865313
27	105	0.865583
27	106	0.865583
28	105	0.868324
29	105	0.871065
29	106	0.871065
30	105	0.875496
31	105	0.879926
31	106	0.886619
32	105	0.881951
33	105	0.883975
33	106	0.889218
34	105	0.884875
35	105	0.885774
35	106	0.885774
36	105	0.887885
37	105	0.889995
37	106	0.889995
38	105	0.892833
39	105	0.895671
39	106	0.900208
40	105	0.895671
39	107	0.904744
39	108	0.909281
38	107	0.904744
40	107	0.904744
39	109	0.913817
38	109	0.913817
40	109	0.913817
33	107	0.89446
33	108	0.900278
32	107	0.893886
34	107	0.89446
31	107	0.893311
31	108	0.899429
30	107	0.893311
31	109	0.905547
30	109	0.905547
32	109	0.905821
33	109	0.906095
34	109	0.906095
33	115	0.938583
33	116	0.944439
32	115	0.938447
34	115	0.938583
31	115	0.938311
31	116	0.944239
30	115	0.938311
31	117	0.950166
30	117	0.950166
32	117	0.950231
33	117	0.950295
34	117	0.950295
1	117	0.931713
1	116	0.923613
0	117	0.931713
2	117	0.931713
1	115	0.915514
0	115	0.915514
2	115	0.915514
1	109	0.870782
1	108	0.862623
0	109	0.870782
2	109	0.870782
1	107	0.854463
0	107	0.854463
2	107	0.854463
1	101	0.813533
1	100	0.806834
0	101	0.813533
2	101	0.813533
1	99	0.800135
0	99	0.800135
2	99	0.800135
7	101	0.808835
7	100	0.803671
6	101	0.808835
8	101	0.807831
9	101	0.806827
9	100	0.802571
10	101	0.806827
9	99	0.798316
8	99	0.798412
10	99	0.798316
7	99	0.798508
6	99	0.798508
15	101	0.805538
15	100	0.803253
14	101	0.805538
16	101	0.805935
17	101	0.806332
17	100	0.80402
18	101	0.806332
17	99	0.801708
16	99	0.801338
18	99	0.801708
15	99	0.800968
14	99	0.800968
23	101	0.829829
23	100	0.825194
22	101	0.829829
24	101	0.831721
25	101	0.833613
25	100	0.827986
26	101	0.833613
25	99	0.822359
24	99	0.821459
26	99	0.822359
23	99	0.82056
22	99	0.82056
31	101	0.862063
31	100	0.856309
30	101	0.862063
32	101	0.863171
33	101	0.864279
33	100	0.859657
34	101	0.864279
33	99	0.855035
32	99	0.852795
34	99	0.855035
31	99	0.850555
30	99	0.850555
39	101	0.890484
39	100	0.889094
38	101	0.890484
40	101	0.890979
41	101	0.891473
41	100	0.890504
42	101	0.891473
41	99	0.889534
40	99	0.888619
42	99	0.889534
39	99	0.887704
38	99	0.887704
47	101	0.910482
47	100	0.910241
46	101	0.910482
48	101	0.911179
49	101	0.911876
49	100	0.91165
50	101	0.911876
49	99	0.911425
48	99	0.910712
50	99	0.911425
47	99	0.909999
46	99	0.909999
55	101	0.932053
55	100	0.931387
54	101	0.932053
56	101	0.932898
57	101	0.933744
57	100	0.932797
58	101	0.933744
57	99	0.931851
56	99	0.931286
58	99	0.931851
55	99	0.930721
54	99	0.930721
63	101	0.941397
63	100	0.940366
62	101	0.941397
64	101	0.941397
65	101	0.941397
65	100	0.940366
66	101	0.941397
65	99	0.939335
64	99	0.939335
66	99	0.939335
63	99	0.939335
62	99	0.939335
71	101	0.933744
71	100	0.932797
70	101	0.933744
72	101	0.932898
73	101	0.932053
73	100	0.931387
74	101	0.932053
73	99	0.930721
72	99	0.931286
74	99	0.930721
71	99	0.931851
70	99	0.931851
79	101	0.911876
79	100	0.91165
78	101	0.911876
80	101	0.911179
81	101	0.910482
81	100	0.910241
82	101	0.910482
81	99	0.909999
80	99	0.910712
82	99	0.909999
79	99	0.911425
78	99	0.911425
87	101	0.891473
87	100	0.890504
86	101	0.891473
88	101	0.890979
89	101	0.890484
89	100	0.889094
90	101	0.890484
89	99	0.887704
88	99	0.888619
90	99	0.887704
87	99	0.889534
86	99	0.889534
95	101	0.864279
95	100	0.859657
94	101	0.864279
96	101	0.863171
97	101	0.862063
97	100	0.856309
98	101	0.862063
97	99	0.850555
96	99	0.852795
98	99	0.850555
95	99	0.855035
94	99	0.855035
103	101	0.833613
103	100	0.827986
102	101	0.833613
104	101	0.831721
105	101	0.829829
105	100	0.825194
106	101	0.829829
105	99	0.82056
104	99	0.821459
106	99	0.82056
103	99	0.822359
102	99	0.822359
111	101	0.806332
111	100	0.80402
110	101	0.806332
112	101	0.805935
113	101	0.805538
113	100	0.803253
114	101	0.805538
113	99	0.800968
112	99	0.801338
114	99	0.800968
111	99	0.801708
110	99	0.801708
119	101	0.806827
119	100	0.802571
118	101	0.806827
120	101	0.807831
121	101	0.808835
121	100	0.803671
122	101	0.808835
121	99	0.798508
120	99	0.798412
122	99	0.798508
119	99	0.798316
118	99	0.798316
127	95	0.775989
127	94	0.768259
126	95	0.778345
128	95	0.775989
125	95	0.7807
125	94	0.7807
124	95	0.781362
123	95	0.782023
123	94	0.782023
122	95	0.781282
121	95	0.780541
121	94	0.775091
120	95	0.781334
119	95	0.782127
119	94	0.776545
118	95	0.784759
117	95	0.787391
117	94	0.787391
116	95	0.788901
115	95	0.790411
115	94	0.790411
114	95	0.791176
113	95	0.791941
113	94	0.789774
112	95	0.793014
111	95	0.794086
111	94	0.79119
110	95	0.796187
109	95	0.798288
109	94	0.798288
108	95	0.799609
107	95	0.800931
107	94	0.800931
106	95	0.801007
105	95	0.801083
105	94	0.795495
104	95	0.802543
103	95	0.804003
103	94	0.79697
102	95	0.808047
101	95	0.81209
101	94	0.81209
100	95	0.8143
99	95	0.81651
99	94	0.81651
98	95	0.815836
97	95	0.815162
97	94	0.804786
96	95	0.815162
97	93	0.79441
97	92	0.784034
96	93	0.79441
98	93	0.79441
97	91	0.773658
97	90	0.763282
96	91	0.773658
98	91	0.773658
97	89	0.752906
97	88	0.744502
96	89	0.752906
98	89	0.750934
99	89	0.748962
99	88	0.746061
99	90	0.748962
100	89	0.74989
101	89	0.750819
101	88	0.74762
101	90	0.750819
102	89	0.754946
103	89	0.759073
103	88	0.74918
103	90	0.767488
104	89	0.764679
105	89	0.770284
105	88	0.770284
105	90	0.774491
106	89	0.771683
107	89	0.773082
107	88	0.773082
107	90	0.773082
108	89	0.774481
109	89	0.77588
109	88	0.77588
109	90	0.77588
110	89	0.777278
111	89	0.778677
111	88	0.778677
111	90	0.780931
112	89	0.777822
113	89	0.776967
113	88	0.776967
113	90	0.779776
114	89	0.773302
115	89	0.769637
115	88	0.769637
115	90	0.769637
116	89	0.765972
117	89	0.762307
117	88	0.762307
117	90	0.762307
118	89	0.758641
119	89	0.754976
119	88	0.754976
119	90	0.758048
120	89	0.748239
121	89	0.741502
121	88	0.731685
121	90	0.749462
122	89	0.736623
123	89	0.731744
123	88	0.728659
123	90	0.731744
124	89	0.729949
125	89	0.728155
125	88	0.725633
125	90	0.728155
126	89	0.728882
127	89	0.72961
127	88	0.722607
127	90	0.73734
128	89	0.72961
127	91	0.745069
127	92	0.752799
126	91	0.745069
128	91	0.745069
127	93	0.760529
126	93	0.760529
128	93	0.760529
127	87	0.715604
127	86	0.704848
126	87	0.719358
128	87	0.715604
125	87	0.723111
125	86	0.723111
124	87	0.724343
123	87	0.725574
123	86	0.725574
122	87	0.723721
121	87	0.721868
121	86	0.710197
120	87	0.721868
121	85	0.698527
121	84	0.686856
120	85	0.698527
122	85	0.698527
121	83	0.675186
121	82	0.663516
120	83	0.675186
122	83	0.675186
121	81	0.651845
121	80	0.643128
120	81	0.651845
122	81	0.648892
123	81	0.645939
123	80	0.643074
123	82	0.645939
124	81	0.64585
125	81	0.645762
125	80	0.64302
125	82	0.645762
126	81	0.648415
127	81	0.651069
127	80	0.642966
127	82	0.661825
128	81	0.651069
127	83	0.67258
127	84	0.683336
126	83	0.67258
128	83	0.67258
127	85	0.694092
126	85	0.694092
128	85	0.694092
127	79	0.634863
127	78	0.624053
126	79	0.637571
128	79	0.634863
125	79	0.640278
125	78	0.640278
124	79	0.640244
123	79	0.640209
123	78	0.640209
122	79	0.63731
121	79	0.634411
121	78	0.622794
120	79	0.634411
121	77	0.611177
121	76	0.599561
120	77	0.611177
122	77	0.611177
121	75	0.587944
121	74	0.576328
120	75	0.587944
122	75	0.587944
121	73	0.564711
121	72	0.555096
120	73	0.564711
122	73	0.56271
123	73	0.560708
123	72	0.557664
123	74	0.560708
124	73	0.561751
125	73	0.562794
125	72	0.560231
125	74	0.562794
126	73	0.566399
127	73	0.570004
127	72	0.562799
127	74	0.580814
128	73	0.570004
127	75	0.591624
127	76	0.602434
126	75	0.591624
128	75	0.591624
127	77	0.613244
126	77	0.613244
128	77	0.613244
127	71	0.555594
127	70	0.547352
126	71	0.556632
128	71	0.555594
125	71	0.557669
125	70	0.557669
124	71	0.556144
123	71	0.55462
123	70	0.55462
122	71	0.55005
121	71	0.545481
121	70	0.53741
120	71	0.539369
119	71	0.533256
119	70	0.52966
119	72	0.533256
118	71	0.530738
117	71	0.528221
117	70	0.528221
117	72	0.528221
116	71	0.525703
115	71	0.523186
115	70	0.523186
115	72	0.523186
114	71	0.520669
113	71	0.518151
113	70	0.5155
113	72	0.518151
112	71	0.518285
111	71	0.518419
111	70	0.51567
111	72	0.518419
110	71	0.521302
109	71	0.524185
109	70	0.524185
109	72	0.524185
108	71	0.527067
107	71	0.52995
107	70	0.52995
107	72	0.52995
106	71	0.532833
105	71	0.535716
105	70	0.531887
105	72	0.535716
104	71	0.542428
103	71	0.549141
103	70	0.540396
103	72	0.559601
102	71	0.554137
101	71	0.559133
101	70	0.559133
101	72	0.562445
100	71	0.560818
99	71	0.562502
99	70	0.562502
99	72	0.56529
98	71	0.5614
97	71	0.560297
97	70	0.551357
97	72	0.568134
96	71	0.560297
97	73	0.575971
97	74	0.587755
96	73	0.575971
98	73	0.572024
99	73	0.568077
99	74	0.568077
100	73	0.566917
101	73	0.565757
101	74	0.565757
102	73	0.567909
103	73	0.570062
103	74	0.582674
104	73	0.570062
103	75	0.595287
103	76	0.607899
102	75	0.595287
104	75	0.595287
103	77	0.620512
103	78	0.633124
102	77	0.620512
104	77	0.620512
103	79	0.645737
103	80	0.655127
102	79	0.648959
104	79	0.645737
101	79	0.652181
101	78	0.652181
101	80	0.655279
100	79	0.652305
99	79	0.652429
99	78	0.652429
99	80	0.65543
98	79	0.649551
97	79	0.646674
97	78	0.63489
97	80	0.655581
96	79	0.646674
97	81	0.664488
97	82	0.676423
96	81	0.664488
98	81	0.661459
99	81	0.658431
99	82	0.658431
100	81	0.658404
101	81	0.658377
101	82	0.658377
102	81	0.661447
103	81	0.664518
103	82	0.676979
104	81	0.664518
103	83	0.689441
103	84	0.701902
102	83	0.689441
104	83	0.689441
103	85	0.714363
103	86	0.726825
102	85	0.714363
104	85	0.714363
103	87	0.739286
102	87	0.741854
104	87	0.739286
101	87	0.744422
101	86	0.744422
100	87	0.743791
99	87	0.743161
99	86	0.743161
98	87	0.73963
97	87	0.736098
97	86	0.724163
96	87	0.736098
97	85	0.712228
97	84	0.700293
96	85	0.712228
98	85	0.712228
97	83	0.688358
96	83	0.688358
98	83	0.688358
97	77	0.623106
97	76	0.611322
96	77	0.623106
98	77	0.623106
97	75	0.599539
96	75	0.599539
98	75	0.599539
97	69	0.542417
97	68	0.533478
96	69	0.542417
98	69	0.542417
97	67	0.524538
97	66	0.515598
96	67	0.524538
98	67	0.524538
97	65	0.506659
97	64	0.5
96	65	0.506659
98	65	0.504378
99	65	0.502097
99	64	0.5
99	66	0.502097
100	65	0.501913
101	65	0.501728
101	64	0.5
101	66	0.501728
102	65	0.503272
103	65	0.504817
103	64	0.5
103	66	0.511287
104	65	0.504707
105	65	0.504597
105	64	0.5
105	66	0.510701
106	65	0.502981
107	65	0.501365
107	64	0.5
107	66	0.501365
108	65	0.501114
109	65	0.500863
109	64	0.5
109	66	0.500863
110	65	0.501475
111	65	0.502087
111	64	0.5
111	66	0.504791
112	65	0.502084
113	65	0.50208
113	64	0.5
113	66	0.504777
114	65	0.50146
115	65	0.500839
115	64	0.5
115	66	0.500839
116	65	0.501058
117	65	0.501277
117	64	0.5
117	66	0.501277
118	65	0.502773
119	65	0.504269
119	64	0.5
119	66	0.509935
120	65	0.504369
121	65	0.504468
121	64	0.5
121	66	0.510469
122	65	0.503034
123	65	0.501601
123	64	0.5
123	66	0.501601
124	65	0.501768
125	65	0.501935
125	64	0.5
125	66	0.501935
126	65	0.504038
127	65	0.50614
127	64	0.5
127	66	0.514382
128	65	0.50614
127	67	0.522625
127	68	0.530867
126	67	0.522625
128	67	0.522625
127	69	0.539109
126	69	0.539109
128	69	0.539109
127	63	0.49386
127	62	0.485618
126	63	0.495962
128	63	0.49386
125	63	0.498065
125	62	0.498065
124	63	0.498232
123	63	0.498399
123	62	0.498399
122	63	0.496966
121	63	0.495532
121	62	0.489531
120	63	0.495631
119	63	0.495731
119	62	0.490065
118	63	0.497227
117	63	0.498723
117	62	0.498723
116	63	0.498942
115	63	0.499161
115	62	0.499161
114	63	0.49854
113	63	0.49792
113	62	0.495223
112	63	0.497916
111	63	0.497913
111	62	0.495209
110	63	0.498525
109	63	0.499137
109	62	0.499137
108	63	0.498886
107	63	0.498635
107	62	0.498635
106	63	0.497019
105	63	0.495403
105	62	0.489299
104	63	0.495293
103	63	0.495183
103	62	0.488713
102	63	0.496728
101	63	0.498272
101	62	0.498272
100	63	0.498087
99	63	0.497903
99	62	0.497903
98	63	0.495622
97	63	0.493341
97	62	0.484402
96	63	0.493341
97	61	0.475462
97	60	0.466522
96	61	0.475462
98	61	0.475462
97	59	0.457583
97	58	0.448643
96	59	0.457583
98	59	0.457583
97	57	0.439703
97	56	0.431866
96	57	0.439703
98	57	0.4386
99	57	0.437498
99	56	0.43471
99	58	0.437498
100	57	0.439182
101	57	0.440867
101	56	0.437555
101	58	0.440867
102	57	0.445863
103	57	0.450859
103	56	0.440399
103	58	0.459604
104	57	0.457572
105	57	0.464284
105	56	0.464284
105	58	0.468113
106	57	0.467167
107	57	0.47005
107	56	0.47005
107	58	0.47005
108	57	0.472933
109	57	0.475815
109	56	0.475815
109	58	0.475815
110	57	0.478698
111	57	0.481581
111	56	0.481581
111	58	0.48433
112	57	0.481715
113	57	0.481849
113	56	0.481849
113	58	0.4845
114	57	0.479331
115	57	0.476814
115	56	0.476814
115	58	0.476814
116	57	0.474297
117	57	0.471779
117	56	0.471779
117	58	0.471779
118	57	0.469262
119	57	0.466744
119	56	0.466744
119	58	0.47034
120	57	0.460631
121	57	0.454519
121	56	0.444904
121	58	0.46259
122	57	0.44995
123	57	0.44538
123	56	0.442336
123	58	0.44538
124	57	0.443856
125	57	0.442331
125	56	0.439769
125	58	0.442331
126	57	0.443368
127	57	0.444406
127	56	0.437201
127	58	0.452648
128	57	0.444406
127	59	0.460891
127	60	0.469133
126	59	0.460891
128	59	0.460891
127	61	0.477375
126	61	0.477375
128	61	0.477375
127	55	0.429996
127	54	0.419186
126	55	0.433601
128	55	0.429996
125	55	0.437206
125	54	0.437206
124	55	0.438249
123	55	0.439292
123	54	0.439292
122	55	0.43729
121	55	0.435289
121	54	0.423672
120	55	0.435289
121	53	0.412056
121	52	0.400439
120	53	0.412056
122	53	0.412056
121	51	0.388823
121	50	0.377206
120	51	0.388823
122	51	0.388823
121	49	0.365589
121	48	0.356872
120	49	0.365589
122	49	0.36269
123	49	0.359791
123	48	0.356926
123	50	0.359791
124	49	0.359756
125	49	0.359722
125	48	0.35698
125	50	0.359722
126	49	0.362429
127	49	0.365137
127	48	0.357034
127	50	0.375947
128	49	0.365137
127	51	0.386756
127	52	0.397566
126	51	0.386756
128	51	0.386756
127	53	0.408376
126	53	0.408376
128	53	0.408376
127	47	0.348931
127	46	0.338175
126	47	0.351585
128	47	0.348931
125	47	0.354238
125	46	0.354238
124	47	0.35415
123	47	0.354061
123	46	0.354061
122	47	0.351108
121	47	0.348155
121	46	0.336484
120	47	0.348155
121	45	0.324814
121	44	0.313144
120	45	0.324814
122	45	0.324814
121	43	0.301473
121	42	0.289803
120	43	0.301473
122	43	0.301473
121	41	0.278132
121	40	0.268315
120	41	0.278132
122	41	0.276279
123	41	0.274426
123	40	0.271341
123	42	0.274426
124	41	0.275657
125	41	0.276889
125	40	0.274367
125	42	0.276889
126	41	0.280642
127	41	0.284396
127	40	0.277393
127	42	0.295152
128	41	0.284396
127	43	0.305908
127	44	0.316664
126	43	0.305908
128	43	0.305908
127	45	0.32742
126	45	0.32742
128	45	0.32742
127	39	0.27039
127	38	0.26266
126	39	0.271118
128	39	0.27039
125	39	0.271845
125	38	0.271845
124	39	0.270051
123	39	0.268256
123	38	0.268256
122	39	0.263377
121	39	0.258498
121	38	0.250538
120	39	0.251761
119	39	0.245024
119	38	0.241952
119	40	0.245024
118	39	0.241359
117	39	0.237693
117	38	0.237693
117	40	0.237693
116	39	0.234028
115	39	0.230363
115	38	0.230363
115	40	0.230363
114	39	0.226698
113	39	0.223033
113	38	0.220224
113	40	0.223033
112	39	0.222178
111	39	0.221323
111	38	0.219069
111	40	0.221323
110	39	0.222722
109	39	0.22412
109	38	0.22412
109	40	0.22412
108	39	0.225519
107	39	0.226918
107	38	0.226918
107	40	0.226918
106	39	0.228317
105	39	0.229716
105	38	0.225509
105	40	0.229716
104	39	0.235321
103	39	0.240927
103	38	0.232512
103	40	0.25082
102	39	0.245054
101	39	0.249181
101	38	0.249181
101	40	0.25238
100	39	0.25011
99	39	0.251038
99	38	0.251038
99	40	0.253939
98	39	0.249066
97	39	0.247094
97	38	0.236718
97	40	0.255498
96	39	0.247094
97	41	0.263902
97	42	0.275837
96	41	0.263902
98	41	0.26037
99	41	0.256839
99	42	0.256839
100	41	0.256209
101	41	0.255578
101	42	0.255578
102	41	0.258146
103	41	0.260714
103	42	0.273175
104	41	0.260714
103	43	0.285637
103	44	0.298098
102	43	0.285637
104	43	0.285637
103	45	0.310559
103	46	0.323021
102	45	0.310559
104	45	0.310559
103	47	0.335482
103	48	0.344873
102	47	0.338553
104	47	0.335482
101	47	0.341623
101	46	0.341623
101	48	0.344721
100	47	0.341596
99	47	0.341569
99	46	0.341569
99	48	0.34457
98	47	0.338541
97	47	0.335512
97	46	0.323577
97	48	0.344419
96	47	0.335512
97	49	0.353326
97	50	0.36511
96	49	0.353326
98	49	0.350449
99	49	0.347571
99	50	0.347571
100	49	0.347695
101	49	0.347819
101	50	0.347819
102	49	0.351041
103	49	0.354263
103	50	0.366876
104	49	0.354263
103	51	0.379488
103	52	0.392101
102	51	0.379488
104	51	0.379488
103	53	0.404713
103	54	0.417326
102	53	0.404713
104	53	0.404713
103	55	0.429938
102	55	0.432091
104	55	0.429938
101	55	0.434243
101	54	0.434243
100	55	0.433083
99	55	0.431923
99	54	0.431923
98	55	0.427976
97	55	0.424029
97	54	0.412245
96	55	0.424029
97	53	0.400461
97	52	0.388678
96	53	0.400461
98	53	0.400461
97	51	0.376894
96	51	0.376894
98	51	0.376894
97	45	0.311642
97	44	0.299707
96	45	0.311642
98	45	0.311642
97	43	0.287772
96	43	0.287772
98	43	0.287772
97	37	0.226342
97	36	0.215966
96	37	0.226342
98	37	0.226342
97	35	0.20559
97	34	0.195214
96	35	0.20559
98	35	0.20559
97	33	0.184838
96	33	0.184838
98	33	0.184164
99	33	0.18349
99	34	0.18349
100	33	0.1857
101	33	0.18791
101	34	0.18791
102	33	0.191953
103	33	0.195997
103	34	0.20303
104	33	0.197457
105	33	0.198917
105	34	0.204505
106	33	0.198993
107	33	0.199069
107	34	0.199069
108	33	0.200391
109	33	0.201712
109	34	0.201712
110	33	0.203813
111	33	0.205914
111	34	0.20881
112	33	0.206986
113	33	0.208059
113	34	0.210226
114	33	0.208824
115	33	0.209589
115	34	0.209589
116	33	0.211099
117	33	0.212609
117	34	0.212609
118	33	0.215241
119	33	0.217873
119	34	0.223455
120	33	0.218666
121	33	0.219459
121	34	0.224909
122	33	0.218718
123	33	0.217977
123	34	0.217977
124	33	0.218638
125	33	0.2193
125	34	0.2193
126	33	0.221655
127	33	0.224011
127	34	0.231741
128	33	0.224011
127	35	0.239471
127	36	0.247201
126	35	0.239471
128	35	0.239471
127	37	0.254931
126	37	0.254931
128	37	0.254931
121	35	0.230358
121	36	0.236468
120	35	0.229698
122	35	0.230358
119	35	0.229037
119	36	0.233958
118	35	0.229037
119	37	0.23888
118	37	0.23888
120	37	0.240729
121	37	0.242578
122	37	0.242578
113	35	0.212393
113	36	0.214904
112	35	0.21205
114	35	0.212393
111	35	0.211707
111	36	0.214261
110	35	0.211707
111	37	0.216815
110	37	0.216815
112	37	0.217114
113	37	0.217414
114	37	0.217414
105	35	0.210094
105	36	0.215698
104	35	0.210078
106	35	0.210094
103	35	0.210063
103	36	0.21708
102	35	0.210063
103	37	0.224097
102	37	0.224097
104	37	0.2227
105	37	0.221302
106	37	0.221302
121	59	0.470661
121	60	0.477096
120	59	0.472298
122	59	0.470661
119	59	0.473935
119	60	0.479167
118	59	0.473935
119	61	0.484399
118	61	0.484399
120	61	0.483965
121	61	0.483531
122	61	0.483531
113	59	0.487151
113	60	0.489839
112	59	0.487115
114	59	0.487151
111	59	0.48708
111	60	0.489793
110	59	0.48708
111	61	0.492506
110	61	0.492506
112	61	0.492516
113	61	0.492526
114	61	0.492526
105	59	0.471943
105	60	0.477569
104	59	0.470145
106	59	0.471943
103	59	0.468348
103	60	0.475295
102	59	0.468348
103	61	0.482243
102	61	0.482243
104	61	0.482719
105	61	0.483196
106	61	0.483196
121	67	0.516469
121	68	0.522904
120	67	0.516035
122	67	0.516469
119	67	0.515601
119	68	0.520833
118	67	0.515601
119	69	0.526065
118	69	0.526065
120	69	0.527702
121	69	0.529339
122	69	0.529339
113	67	0.507474
113	68	0.510161
112	67	0.507484
114	67	0.507474
111	67	0.507494
111	68	0.510207
110	67	0.507494
111	69	0.51292
110	69	0.51292
112	69	0.512885
113	69	0.512849
114	69	0.512849
105	67	0.516804
105	68	0.522431
104	67	0.517281
106	67	0.516804
103	67	0.517757
103	68	0.524705
102	67	0.517757
103	69	0.531652
102	69	0.531652
104	69	0.529855
105	69	0.528057
106	69	0.528057
121	91	0.757422
121	92	0.763532
120	91	0.759271
122	91	0.757422
119	91	0.76112
119	92	0.766042
118	91	0.76112
119	93	0.770963
118	93	0.770963
120	93	0.770302
121	93	0.769642
122	93	0.769642
113	91	0.782586
113	92	0.785096
112	91	0.782886
114	91	0.782586
111	91	0.783185
111	92	0.785739
110	91	0.783185
111	93	0.788293
110	93	0.788293
112	93	0.78795
113	93	0.787607
114	93	0.787607
105	91	0.778698
105	92	0.784302
104	91	0.7773
106	91	0.778698
103	91	0.775903
103	92	0.78292
102	91	0.775903
103	93	0.789937
102	93	0.789937
104	93	0.789922
105	93	0.789906
106	93	0.789906
1	93	0.760529
1	92	0.752799
0	93	0.760529
2	93	0.760529
1	91	0.745069
0	91	0.745069
2	91	0.745069
7	93	0.769642
7	92	0.763532
6	93	0.769642
8	93	0.770302
9	93	0.770963
9	92	0.766042
10	93	0.770963
9	91	0.76112
8	91	0.759271
10	91	0.76112
7	91	0.757422
6	91	0.757422
15	93	0.787607
15	92	0.785096
14	93	0.787607
16	93	0.78795
17	93	0.788293
17	92	0.785739
18	93	0.788293
17	91	0.783185
16	91	0.782886
18	91	0.783185
15	91	0.782586
14	91	0.782586
23	93	0.789906
23	92	0.784302
22	93	0.789906
24	93	0.789922
25	93	0.789937
25	92	0.78292
26	93	0.789937
25	91	0.775903
24	91	0.7773
26	91	0.775903
23	91	0.778698
22	91	0.778698
31	87	0.736098
31	86	0.724163
30	87	0.73963
32	87	0.736098
29	87	0.743161
29	86	0.743161
28	87	0.743791
27	87	0.744422
27	86	0.744422
26	87	0.741854
25	87	0.739286
25	86	0.726825
24	87	0.739286
25	85	0.714363
25	84	0.701902
24	85	0.714363
26	85	0.714363
25	83	0.689441
25	82	0.676979
24	83	0.689441
26	83	0.689441
25	81	0.664518
25	80	0.655127
24	81	0.664518
26	81	0.661447
27	81	0.658377
27	80	0.655279
27	82	0.658377
28	81	0.658404
29	81	0.658431
29	80	0.65543
29	82	0.658431
30	81	0.661459
31	81	0.664488
31	80	0.655581
31	82	0.676423
32	81	0.664488
31	83	0.688358
31	84	0.700293
30	83	0.688358
32	83	0.688358
31	85	0.712228
30	85	0.712228
32	85	0.712228
31	79	0.646674
31	78	0.63489
30	79	0.649551
32	79	0.646674
29	79	0.652429
29	78	0.652429
28	79	0.652305
27	79	0.652181
27	78	0.652181
26	79	0.648959
25	79	0.645737
25	78	0.633124
24	79	0.645737
25	77	0.620512
25	76	0.607899
24	77	0.620512
26	77	0.620512
25	75	0.595287
25	74	0.582674
24	75	0.595287
26	75	0.595287
25	73	0.570062
24	73	0.570062
26	73	0.567909
27	73	0.565757
27	74	0.565757
28	73	0.566917
29	73	0.568077
29	74	0.568077
30	73	0.572024
31	73	0.575971
31	74	0.587755
32	73	0.575971
31	75	0.599539
31	76	0.611322
30	75	0.599539
32	75	0.599539
31	77	0.623106
30	77	0.623106
32	77	0.623106
1	85	0.694092
1	84	0.683336
0	85	0.694092
2	85	0.694092
1	83	0.67258
0	83	0.67258
2	83	0.67258
1	77	0.613244
1	76	0.602434
0	77	0.613244
2	77	0.613244
1	75	0.591624
0	75	0.591624
2	75	0.591624
1	69	0.539109
1	68	0.530867
0	69	0.539109
2	69	0.539109
1	67	0.522625
0	67	0.522625
2	67	0.522625
7	69	0.529339
7	68	0.522904
6	69	0.529339
8	69	0.527702
9	69	0.526065
9	68	0.520833
10	69	0.526065
9	67	0.515601
8	67	0.516035
10	67	0.515601
7	67	0.516469
6	67	0.516469
15	69	0.512849
15	68	0.510161
14	69	0.512849
16	69	0.512885
17	69	0.51292
17	68	0.510207
18	69	0.51292
17	67	0.507494
16	67	0.507484
18	67	0.507494
15	67	0.507474
14	67	0.507474
23	69	0.528057
23	68	0.522431
22	69	0.528057
24	69	0.529855
25	69	0.531652
25	68	0.524705
26	69	0.531652
25	67	0.517757
24	67	0.517281
26	67	0.517757
23	67	0.516804
22	67	0.516804
1	61	0.477375
1	60	0.469133
0	61	0.477375
2	61	0.477375
1	59	0.460891
0	59	0.460891
2	59	0.460891
7	61	0.483531
7	60	0.477096
6	61	0.483531
8	61	0.483965
9	61	0.484399
9	60	0.479167
10	61	0.484399
9	59	0.473935
8	59	0.472298
10	59	0.473935
7	59	0.470661
6	59	0.470661
15	61	0.492526
15	60	0.489839
14	61	0.492526
16	61	0.492516
17	61	0.492506
17	60	0.489793
18	61	0.492506
17	59	0.48708
16	59	0.487115
18	59	0.48708
15	59	0.487151
14	59	0.487151
23	61	0.483196
23	60	0.477569
22	61	0.483196
24	61	0.482719
25	61	0.482243
25	60	0.475295
26	61	0.482243
25	59	0.468348
24	59	0.470145
26	59	0.468348
23	59	0.471943
22	59	0.471943
31	55	0.424029
31	54	0.412245
30	55	0.427976
32	55	0.424029
29	55	0.431923
29	54	0.431923
28	55	0.433083
27	55	0.434243
27	54	0.434243
26	55	0.432091
25	55	0.429938
25	54	0.417326
24	55	0.429938
25	53	0.404713
25	52	0.392101
24	53	0.404713
26	53	0.404713
25	51	0.379488
25	50	0.366876
24	51	0.379488
26	51	0.379488
25	49	0.354263
25	48	0.344873
24	49	0.354263
26	49	0.351041
27	49	0.347819
27	48	0.344721
27	50	0.347819
28	49	0.347695
29	49	0.347571
29	48	0.34457
29	50	0.347571
30	49	0.350449
31	49	0.353326
31	48	0.344419
31	50	0.36511
32	49	0.353326
31	51	0.376894
31	52	0.388678
30	51	0.376894
32	51	0.376894
31	53	0.400461
30	53	0.400461
32	53	0.400461
31	47	0.335512
31	46	0.323577
30	47	0.338541
32	47	0.335512
29	47	0.341569
29	46	0.341569
28	47	0.341596
27	47	0.341623
27	46	0.341623
26	47	0.338553
25	47	0.335482
25	46	0.323021
24	47	0.335482
25	45	0.310559
25	44	0.298098
24	45	0.310559
26	45	0.310559
25	43	0.285637
25	42	0.273175
24	43	0.285637
26	43	0.285637
25	41	0.260714
24	41	0.260714
26	41	0.258146
27	41	0.255578
27	42	0.255578
28	41	0.256209
29	41	0.256839
29	42	0.256839
30	41	0.26037
31	41	0.263902
31	42	0.275837
32	41	0.263902
31	43	0.287772
31	44	0.299707
30	43	0.287772
32	43	0.287772
31	45	0.311642
30	45	0.311642
32	45	0.311642
1	53	0.408376
1	52	0.397566
0	53	0.408376
2	53	0.408376
1	51	0.386756
0	51	0.386756
2	51	0.386756
1	45	0.32742
1	44	0.316664
0	45	0.32742
2	45	0.32742
1	43	0.305908
0	43	0.305908
2	43	0.305908
1	37	0.254931
1	36	0.247201
0	37	0.254931
2	37	0.254931
1	35	0.239471
0	35	0.239471
2	35	0.239471
7	37	0.242578
7	36	0.236468
6	37	0.242578
8	37	0.240729
9	37	0.23888
9	36	0.233958
10	37	0.23888
9	35	0.229037
8	35	0.229698
10	35	0.229037
7	35	0.230358
6	35	0.230358
15	37	0.217414
15	36	0.214904
14	37	0.217414
16	37	0.217114
17	37	0.216815
17	36	0.214261
18	37	0.216815
17	35	0.211707
16	35	0.21205
18	35	0.211707
15	35	0.212393
14	35	0.212393
23	37	0.221302
23	36	0.215698
22	37	0.221302
24	37	0.2227
25	37	0.224097
25	36	0.21708
26	37	0.224097
25	35	0.210063
24	35	0.210078
26	35	0.210063
23	35	0.210094
22	35	0.210094
1	29	0.199865
1	28	0.193166
0	29	0.199865
2	29	0.199865
1	27	0.186467
0	27	0.186467
2	27	0.186467
7	29	0.201492
7	28	0.196329
6	29	0.201492
8	29	0.201588
9	29	0.201684
9	28	0.197429
10	29	0.201684
9	27	0.193173
8	27	0.192169
10	27	0.193173
7	27	0.191165
6	27	0.191165
15	29	0.199032
15	28	0.196747
14	29	0.199032
16	29	0.198662
17	29	0.198292
17	28	0.19598
18	29	0.198292
17	27	0.193668
16	27	0.194065
18	27	0.193668
15	27	0.194462
14	27	0.194462
23	29	0.17944
23	28	0.174806
22	29	0.17944
24	29	0.178541
25	29	0.177641
25	28	0.172014
26	29	0.177641
25	27	0.166387
24	27	0.168279
26	27	0.166387
23	27	0.170171
22	27	0.170171
31	29	0.149445
31	28	0.143691
30	29	0.149445
32	29	0.147205
33	29	0.144965
33	28	0.140343
34	29	0.144965
33	27	0.135721
32	27	0.136829
34	27	0.135721
31	27	0.137937
30	27	0.137937
39	29	0.112296
39	28	0.110906
38	29	0.112296
40	29	0.111381
41	29	0.110466
41	28	0.109496
42	29	0.110466
41	27	0.108527
40	27	0.109021
42	27	0.108527
39	27	0.109516
38	27	0.109516
47	29	0.0900013
47	28	0.0897594
46	29	0.0900013
48	29	0.0892882
49	29	0.0885751
49	28	0.0883496
50	29	0.0885751
49	27	0.0881242
48	27	0.0888209
50	27	0.0881242
47	27	0.0895175
46	27	0.0895175
55	29	0.0692786
55	28	0.0686127
54	29	0.0692786
56	29	0.068714
57	29	0.0681494
57	28	0.0672029
58	29	0.0681494
57	27	0.0662565
56	27	0.0671017
58	27	0.0662565
55	27	0.0679469
54	27	0.0679469
63	29	0.0606647
63	28	0.0596336
62	29	0.0606647
64	29	0.0606647
65	29	0.0606647
65	28	0.0596336
66	29	0.0606647
65	27	0.0586025
64	27	0.0586025
66	27	0.0586025
63	27	0.0586025
62	27	0.0586025
71	29	0.0681494
71	28	0.0672029
70	29	0.0681494
72	29	0.068714
73	29	0.0692786
73	28	0.0686127
74	29	0.0692786
73	27	0.0679469
72	27	0.0671017
74	27	0.0679469
71	27	0.0662565
70	27	0.0662565
79	29	0.0885751
79	28	0.0883496
78	29	0.0885751
80	29	0.0892882
81	29	0.0900013
81	28	0.0897594
82	29	0.0900013
81	27	0.0895175
80	27	0.0888209
82	27	0.0895175
79	27	0.0881242
78	27	0.0881242
87	29	0.110466
87	28	0.109496
86	29	0.110466
88	29	0.111381
89	29	0.112296
89	28	0.110906
90	29	0.112296
89	27	0.109516
88	27	0.109021
90	27	0.109516
87	27	0.108527
86	27	0.108527
95	29	0.144965
95	28	0.140343
94	29	0.144965
96	29	0.147205
97	29	0.149445
97	28	0.143691
98	29	0.149445
97	27	0.137937
96	27	0.136829
98	27	0.137937
95	27	0.135721
94	27	0.135721
103	29	0.177641
103	28	0.172014
102	29	0.177641
104	29	0.178541
105	29	0.17944
105	28	0.174806
106	29	0.17944
105	27	0.170171
104	27	0.168279
106	27	0.170171
103	27	0.166387
102	27	0.166387
111	29	0.198292
111	28	0.19598
110	29	0.198292
112	29	0.198662
113	29	0.199032
113	28	0.196747
114	29	0.199032
113	27	0.194462
112	27	0.194065
114	27	0.194462
111	27	0.193668
110	27	0.193668
119	29	0.201684
119	28	0.197429
118	29	0.201684
120	29	0.201588
121	29	0.201492
121	28	0.196329
122	29	0.201492
121	27	0.191165
120	27	0.192169
122	27	0.191165
119	27	0.193173
118	27	0.193173
127	23	0.161856
127	22	0.153697
126	23	0.16441
128	23	0.161856
125	23	0.166963
125	22	0.166963
124	23	0.167556
123	23	0.168148
123	22	0.168148
122	23	0.166505
121	23	0.164861
121	22	0.156234
120	23	0.164861
121	21	0.147606
121	20	0.138978
120	21	0.147606
122	21	0.147606
121	19	0.13035
121	18	0.121723
120	19	0.13035
122	19	0.13035
121	17	0.113095
121	16	0.106611
120	17	0.113095
122	17	0.110951
123	17	0.108808
123	16	0.106671
123	18	0.108808
124	17	0.1088
125	17	0.108792
125	16	0.106732
125	18	0.108792
126	17	0.110845
127	17	0.112898
127	16	0.106792
127	18	0.121058
128	17	0.112898
127	19	0.129218
127	20	0.137377
126	19	0.129218
128	19	0.129218
127	21	0.145537
126	21	0.145537
128	21	0.145537
127	15	0.100685
127	14	0.0925856
126	15	0.102678
128	15	0.100685
125	15	0.104671
125	14	0.104671
124	15	0.104603
123	15	0.104535
123	14	0.104535
122	15	0.102331
121	15	0.100127
121	14	0.0914395
120	15	0.100127
121	13	0.0827516
121	12	0.0740638
120	13	0.0827516
122	13	0.0827516
121	11	0.0653759
121	10	0.0566881
120	11	0.0653759
122	11	0.0653759
121	9	0.0480002
120	9	0.0480002
122	9	0.0465222
123	9	0.0450441
123	10	0.0450441
124	9	0.0458473
125	9	0.0466506
125	10	0.0466506
126	9	0.0493693
127	9	0.0520881
127	10	0.0601876
128	9	0.0520881
127	11	0.0682871
127	12	0.0763866
126	11	0.0682871
128	11	0.0682871
127	13	0.0844861
126	13	0.0844861
128	13	0.0844861
103	23	0.134957
103	22	0.127032
102	23	0.134687
104	23	0.134957
101	23	0.134417
101	22	0.134417
100	23	0.131676
99	23	0.128935
99	22	0.128935
98	23	0.124504
97	23	0.120074
97	22	0.113381
96	23	0.118049
95	23	0.116025
95	22	0.110782
94	23	0.115125
93	23	0.114226
93	22	0.114226
92	23	0.112115
91	23	0.110005
91	22	0.110005
90	23	0.107167
89	23	0.104329
89	22	0.0997923
88	23	0.104329
89	21	0.0952559
89	20	0.0907195
88	21	0.0952559
90	21	0.0952559
89	19	0.0861831
89	18	0.0816466
88	19	0.0861831
90	19	0.0861831
89	17	0.0771102
89	16	0.0731816
88	17	0.0771102
90	17	0.0765024
91	17	0.0758945
91	16	0.0745514
91	18	0.0758945
92	17	0.0766297
93	17	0.077365
93	16	0.0759211
93	18	0.077365
94	17	0.0795441
95	17	0.0817233
95	16	0.0772908
95	18	0.0878142
96	17	0.0822438
97	17	0.0827644
97	16	0.0782901
97	18	0.0886086
98	17	0.0819152
99	17	0.081066
99	16	0.0795087
99	18	0.081066
100	17	0.081774
101	17	0.082482
101	16	0.0807272
101	18	0.082482
102	17	0.0849449
103	17	0.0874078
103	16	0.0819457
103	18	0.0953327
104	17	0.0874078
103	19	0.103258
103	20	0.111183
102	19	0.103258
104	19	0.103258
103	21	0.119107
102	21	0.119107
104	21	0.119107
103	15	0.0764837
103	14	0.0697773
102	15	0.077728
104	15	0.0764837
101	15	0.0789724
101	14	0.0789724
100	15	0.0784619
99	15	0.0779514
99	14	0.0779514
98	15	0.0758836
97	15	0.0738158
97	14	0.0677524
96	15	0.0733371
95	15	0.0728584
95	14	0.0671379
94	15	0.0736678
93	15	0.0744772
93	14	0.0744772
92	15	0.0738427
91	15	0.0732083
91	14	0.0732083
90	15	0.0712307
89	15	0.0692531
89	14	0.0633469
88	15	0.0692531
89	13	0.0574408
89	12	0.0515346
88	13	0.0574408
90	13	0.0574408
89	11	0.0456285
89	10	0.0397223
88	11	0.0456285
90	11	0.0456285
89	9	0.0338162
88	9	0.0338162
90	9	0.032959
91	9	0.0321019
91	10	0.0321019
92	9	0.032852
93	9	0.0336021
93	10	0.0336021
94	9	0.0357324
95	9	0.0378627
95	10	0.0437837
96	9	0.0379854
97	9	0.038108
97	10	0.043971
98	9	0.0362914
99	9	0.0344747
99	10	0.0344747
100	9	0.034065
101	9	0.0336554
101	10	0.0336554
102	9	0.0349504
103	9	0.0362454
103	10	0.0429518
104	9	0.0362454
103	11	0.0496581
103	12	0.0563645
102	11	0.0496581
104	11	0.0496581
103	13	0.0630709
102	13	0.0630709
104	13	0.0630709
97	11	0.0498339
97	12	0.0557615
96	11	0.0497693
98	11	0.0498339
95	11	0.0497047
95	12	0.055561
94	11	0.0497047
95	13	0.0614174
94	13	0.0614174
96	13	0.0615532
97	13	0.061689
98	13	0.061689
97	19	0.0944527
97	20	0.100571
96	19	0.094179
98	19	0.0944527
95	19	0.0939052
95	20	0.0997223
94	19	0.0939052
95	21	0.10554
94	21	0.10554
96	21	0.106114
97	21	0.106689
98	21	0.106689
71	23	0.0570067
71	22	0.0539639
70	23	0.0572164
72	23	0.0570067
69	23	0.0574261
69	22	0.0574261
68	23	0.0567872
67	23	0.0561482
67	22	0.0561482
66	23	0.0549481
65	23	0.053748
65	22	0.0511517
64	23	0.053748
63	23	0.053748
63	22	0.0511517
62	23	0.0549481
61	23	0.0561482
61	22	0.0561482
60	23	0.0567872
59	23	0.0574261
59	22	0.0574261
58	23	0.0572164
57	23	0.0570067
57	22	0.0539639
56	23	0.0570067
57	21	0.0509211
57	20	0.0478783
56	21	0.0509211
58	21	0.0509211
57	19	0.0448355
57	18	0.0417927
56	19	0.0448355
58	19	0.0448355
57	17	0.0387499
57	16	0.0365165
56	17	0.0387499
58	17	0.0379405
59	17	0.0371311
59	16	0.0364024
59	18	0.0371311
60	17	0.0370503
61	17	0.0369695
61	16	0.0362883
61	18	0.0369695
62	17	0.0375698
63	17	0.0381702
63	16	0.0361742
63	18	0.0407665
64	17	0.0381702
65	17	0.0381702
65	16	0.0361742
65	18	0.0407665
66	17	0.0375698
67	17	0.0369695
67	16	0.0362883
67	18	0.0369695
68	17	0.0370503
69	17	0.0371311
69	16	0.0364024
69	18	0.0371311
70	17	0.0379405
71	17	0.0387499
71	16	0.0365165
71	18	0.0417927
72	17	0.0387499
71	19	0.0448355
71	20	0.0478783
70	19	0.0448355
72	19	0.0448355
71	21	0.0509211
70	21	0.0509211
72	21	0.0509211
71	15	0.0342832
71	14	0.0313545
70	15	0.0349785
72	15	0.0342832
69	15	0.0356738
69	14	0.0356738
68	15	0.0356405
67	15	0.0356072
67	14	0.0356072
66	15	0.0348927
65	15	0.0341782
65	14	0.0314678
64	15	0.0341782
63	15	0.0341782
63	14	0.0314678
62	15	0.0348927
61	15	0.0356072
61	14	0.0356072
60	15	0.0356405
59	15	0.0356738
59	14	0.0356738
58	15	0.0349785
57	15	0.0342832
57	14	0.0313545
56	15	0.0342832
57	13	0.0284258
57	12	0.0254971
56	13	0.0284258
58	13	0.0284258
57	11	0.0225684
57	10	0.0196397
56	11	0.0225684
58	11	0.0225684
57	9	0.016711
56	9	0.016711
58	9	0.0161875
59	9	0.0156641
59	10	0.0156641
60	9	0.0159036
61	9	0.0161431
61	10	0.0161431
62	9	0.0170294
63	9	0.0179157
63	10	0.0206261
64	9	0.0179157
65	9	0.0179157
65	10	0.0206261
66	9	0.0170294
67	9	0.0161431
67	10	0.0161431
68	9	0.0159036
69	9	0.0156641
69	10	0.0156641
70	9	0.0161875
71	9	0.016711
71	10	0.0196397
72	9	0.016711
71	11	0.0225684
71	12	0.0254971
70	11	0.0225684
72	11	0.0225684
71	13	0.0284258
70	13	0.0284258
72	13	0.0284258
65	11	0.0233366
65	12	0.026047
64	11	0.0233366
66	11	0.0233366
63	11	0.0233366
63	12	0.026047
62	11	0.0233366
63	13	0.0287574
62	13	0.0287574
64	13	0.0287574
65	13	0.0287574
66	13	0.0287574
65	19	0.0433628
65	20	0.0459591
64	19	0.0433628
66	19	0.0433628
63	19	0.0433628
63	20	0.0459591
62	19	0.0433628
63	21	0.0485554
62	21	0.0485554
64	21	0.0485554
65	21	0.0485554
66	21	0.0485554
39	23	0.104329
39	22	0.0997923
38	23	0.107167
40	23	0.104329
37	23	0.110005
37	22	0.110005
36	23	0.112115
35	23	0.114226
35	22	0.114226
34	23	0.115125
33	23	0.116025
33	22	0.110782
32	23	0.118049
31	23	0.120074
31	22	0.113381
30	23	0.124504
29	23	0.128935
29	22	0.128935
28	23	0.131676
27	23	0.134417
27	22	0.134417
26	23	0.134687
25	23	0.134957
25	22	0.127032
24	23	0.134957
25	21	0.119107
25	20	0.111183
24	21	0.119107
26	21	0.119107
25	19	0.103258
25	18	0.0953327
24	19	0.103258
26	19	0.103258
25	17	0.0874078
25	16	0.0819457
24	17	0.0874078
26	17	0.0849449
27	17	0.082482
27	16	0.0807272
27	18	0.082482
28	17	0.081774
29	17	0.081066
29	16	0.0795087
29	18	0.081066
30	17	0.0819152
31	17	0.0827644
31	16	0.0782901
31	18	0.0886086
32	17	0.0822438
33	17	0.0817233
33	16	0.0772908
33	18	0.0878142
34	17	0.0795441
35	17	0.077365
35	16	0.0759211
35	18	0.077365
36	17	0.0766297
37	17	0.0758945
37	16	0.0745514
37	18	0.0758945
38	17	0.0765024
39	17	0.0771102
39	16	0.0731816
39	18	0.0816466
40	17	0.0771102
39	19	0.0861831
39	20	0.0907195
38	19	0.0861831
40	19	0.0861831
39	21	0.0952559
38	21	0.0952559
40	21	0.0952559
39	15	0.0692531
39	14	0.0633469
38	15	0.0712307
40	15	0.0692531
37	15	0.0732083
37	14	0.0732083
36	15	0.0738427
35	15	0.0744772
35	14	0.0744772
34	15	0.0736678
33	15	0.0728584
33	14	0.0671379
32	15	0.0733371
31	15	0.0738158
31	14	0.0677524
30	15	0.0758836
29	15	0.0779514
29	14	0.0779514
28	15	0.0784619
27	15	0.0789724
27	14	0.0789724
26	15	0.077728
25	15	0.0764837
25	14	0.0697773
24	15	0.0764837
25	13	0.0630709
25	12	0.0563645
24	13	0.0630709
26	13	0.0630709
25	11	0.0496581
25	10	0.0429518
24	11	0.0496581
26	11	0.0496581
25	9	0.0362454
24	9	0.0362454
26	9	0.0349504
27	9	0.0336554
27	10	0.0336554
28	9	0.034065
29	9	0.0344747
29	10	0.0344747
30	9	0.0362914
31	9	0.038108
31	10	0.043971
32	9	0.0379854
33	9	0.0378627
33	10	0.0437837
34	9	0.0357324
35	9	0.0336021
35	10	0.0336021
36	9	0.032852
37	9	0.0321019
37	10	0.0321019
38	9	0.032959
39	9	0.0338162
39	10	0.0397223
40	9	0.0338162
39	11	0.0456285
39	12	0.0515346
38	11	0.0456285
40	11	0.0456285
39	13	0.0574408
38	13	0.0574408
40	13	0.0574408
33	11	0.0497047
33	12	0.055561
32	11	0.0497693
34	11	0.0497047
31	11	0.0498339
31	12	0.0557615
30	11	0.0498339
31	13	0.061689
30	13	0.061689
32	13	0.0615532
33	13	0.0614174
34	13	0.0614174
33	19	0.0939052
33	20	0.0997223
32	19	0.094179
34	19	0.0939052
31	19	0.0944527
31	20	0.100571
30	19	0.0944527
31	21	0.106689
30	21	0.106689
32	21	0.106114
33	21	0.10554
34	21	0.10554
1	21	0.145537
1	20	0.137377
0	21	0.145537
2	21	0.145537
1	19	0.129218
0	19	0.129218
2	19	0.129218
1	13	0.0844861
1	12	0.0763866
0	13	0.0844861
2	13	0.0844861
1	11	0.0682871
0	11	0.0682871
2	11	0.0682871
1	5	0.0290722
1	4	0.022945
0	5	0.0290722
2	5	0.0290722
1	3	0.0168178
0	3	0.0168178
2	3	0.0168178
7	5	0.0215943
7	4	0.0168508
6	5	0.0215943
8	5	0.0203447
9	5	0.019095
9	4	0.0152695
10	5	0.019095
9	3	0.011444
8	3	0.0117757
10	3	0.011444
7	3	0.0121073
6	3	0.0121073
15	5	0.00811444
15	4	0.00640169
14	5	0.00811444
16	5	0.00803436
17	5	0.00795428
17	4	0.00629957
18	5	0.00795428
17	3	0.00464485
16	3	0.00466689
18	3	0.00464485
15	3	0.00468894
14	3	0.00468894
23	5	0.0146536
23	4	0.0117079
22	5	0.0146536
24	5	0.0155453
25	5	0.0164369
25	4	0.0128358
26	5	0.0164369
25	3	0.00923461
24	3	0.00899843
26	3	0.00923461
23	3	0.00876225
22	3	0.00876225
31	5	0.0212389
31	4	0.0167581
30	5	0.0212389
32	5	0.0212087
33	5	0.0211786
33	4	0.0167197
34	5	0.0211786
33	3	0.0122609
32	3	0.0122691
34	3	0.0122609
31	3	0.0122772
30	3	0.0122772
39	5	0.0152149
39	4	0.0118689
38	5	0.0152149
40	5	0.0143093
41	5	0.0134037
41	4	0.0107227
42	5	0.0134037
41	3	0.00804171
40	3	0.00828228
42	3	0.00804171
39	3	0.00852285
38	3	0.00852285
47	5	0.0049662
47	4	0.00390772
46	5	0.0049662
48	5	0.0048502
49	5	0.0047342
49	4	0.00375979
50	5	0.0047342
49	3	0.00278539
48	3	0.00281732
50	3	0.00278539
47	3	0.00284925
46	3	0.00284925
55	5	0.00697013
55	4	0.00556364
54	5	0.00697013
56	5	0.00735717
57	5	0.00774422
57	4	0.00605308
58	5	0.00774422
57	3	0.00436194
56	3	0.00425955
58	3	0.00436194
55	3	0.00415716
54	3	0.00415716
63	5	0.0100372
63	4	0.00792202
62	5	0.0100372
64	5	0.0100372
65	5	0.0100372
65	4	0.00792202
66	5	0.0100372
65	3	0.00580687
64	3	0.00580687
66	3	0.00580687
63	3	0.00580687
62	3	0.00580687
71	5	0.00774422
71	4	0.00605308
70	5	0.00774422
72	5	0.00735717
73	5	0.00697013
73	4	0.00556364
74	5	0.00697013
73	3	0.00415716
72	3	0.00425955
74	3	0.00415716
71	3	0.00436194
70	3	0.00436194
79	5	0.0047342
79	4	0.00375979
78	5	0.0047342
80	5	0.0048502
81	5	0.0049662
81	4	0.00390772
82	5	0.0049662
81	3	0.00284925
80	3	0.00281732
82	3	0.00284925
79	3	0.00278539
78	3	0.00278539
87	5	0.0134037
87	4	0.0107227
86	5	0.0134037
88	5	0.0143093
89	5	0.0152149
89	4	0.0118689
90	5	0.0152149
89	3	0.00852285
88	3	0.00828228
90	3	0.00852285
87	3	0.00804171
86	3	0.00804171
95	5	0.0211786
95	4	0.0167197
94	5	0.0211786
96	5	0.0212087
97	5	0.0212389
97	4	0.0167581
98	5	0.0212389
97	3	0.0122772
96	3	0.0122691
98	3	0.0122772
95	3	0.0122609
94	3	0.0122609
103	5	0.0164369
103	4	0.0128358
102	5	0.0164369
104	5	0.0155453
105	5	0.0146536
105	4	0.0117079
106	5	0.0146536
105	3	0.00876225
104	3	0.00899843
106	3	0.00876225
103	3	0.00923461
102	3	0.00923461
111	5	0.00795428
111	4	0.00629957
110	5	0.00795428
112	5	0.00803436
113	5	0.00811444
113	4	0.00640169
114	5	0.00811444
113	3	0.00468894
112	3	0.00466689
114	3	0.00468894
111	3	0.00464485
110	3	0.00464485
119	5	0.019095
119	4	0.0152695
118	5	0.019095
120	5	0.0203447
121	5	0.0215943
121	4	0.0168508
122	5	0.0215943
121	3	0.0121073
120	3	0.0117757
122	3	0.0121073
119	3	0.011444
118	3	0.011444
