Produced by "The Resistance",2019-07-30 11:41:06.988454
---------------------------------------------------------
Parameters: b = 3, l = 1, level = 3
---------------------------------------------------------
y	x	potential
1	0	0.000000
3	0	0.000000
5	0	0.000000
7	0	0.000000
9	0	0.000000
11	0	0.000000
13	0	0.000000
15	0	0.000000
17	0	0.000000
19	0	0.000000
21	0	0.000000
23	0	0.000000
25	0	0.000000
27	0	0.000000
29	0	0.000000
31	0	0.000000
33	0	0.000000
35	0	0.000000
37	0	0.000000
39	0	0.000000
41	0	0.000000
43	0	0.000000
45	0	0.000000
47	0	0.000000
49	0	0.000000
51	0	0.000000
53	0	0.000000
54	1	0.000000
54	3	0.000000
54	5	0.000000
54	7	0.000000
54	9	0.000000
54	11	0.000000
54	13	0.000000
54	15	0.000000
54	17	0.000000
54	19	0.000000
54	21	0.000000
54	23	0.000000
54	25	0.000000
54	27	0.000000
54	29	0.000000
54	31	0.000000
54	33	0.000000
54	35	0.000000
54	37	0.000000
54	39	0.000000
54	41	0.000000
54	43	0.000000
54	45	0.000000
54	47	0.000000
54	49	0.000000
54	51	0.000000
54	53	0.000000
53	54	0.000000
51	54	0.000000
49	54	0.000000
47	54	0.000000
45	54	0.000000
43	54	0.000000
41	54	0.000000
39	54	0.000000
37	54	0.000000
35	54	0.000000
33	54	0.000000
31	54	0.000000
29	54	0.000000
27	54	0.000000
25	54	0.000000
23	54	0.000000
21	54	0.000000
19	54	0.000000
17	54	0.000000
15	54	0.000000
13	54	0.000000
11	54	0.000000
9	54	0.000000
7	54	0.000000
5	54	0.000000
3	54	0.000000
1	54	0.000000
0	53	0.000000
0	51	0.000000
0	49	0.000000
0	47	0.000000
0	45	0.000000
0	43	0.000000
0	41	0.000000
0	39	0.000000
0	37	0.000000
0	35	0.000000
0	33	0.000000
0	31	0.000000
0	29	0.000000
0	27	0.000000
0	25	0.000000
0	23	0.000000
0	21	0.000000
0	19	0.000000
0	17	0.000000
0	15	0.000000
0	13	0.000000
0	11	0.000000
0	9	0.000000
0	7	0.000000
0	5	0.000000
0	3	0.000000
0	1	0.000000
1	1	0.000112
2	1	0.000214
3	1	0.000316
4	1	0.000734
5	1	0.001152
6	1	0.001254
7	1	0.001356
8	1	0.001270
9	1	0.001183
10	1	0.002280
11	1	0.003376
12	1	0.003698
13	1	0.004019
14	1	0.003167
15	1	0.002315
16	1	0.003778
17	1	0.005241
18	1	0.005218
19	1	0.005195
20	1	0.003707
21	1	0.002219
22	1	0.002950
23	1	0.003682
24	1	0.003402
25	1	0.003122
26	1	0.002154
27	1	0.001187
28	1	0.001405
29	1	0.001624
30	1	0.001589
31	1	0.001553
32	1	0.001134
33	1	0.000715
34	1	0.001012
35	1	0.001308
36	1	0.001272
37	1	0.001236
38	1	0.000867
39	1	0.000498
40	1	0.000626
41	1	0.000755
42	1	0.000687
43	1	0.000619
44	1	0.000412
45	1	0.000205
46	1	0.000203
47	1	0.000200
48	1	0.000177
49	1	0.000154
50	1	0.000098
51	1	0.000042
52	1	0.000028
53	1	0.000013
53	2	0.000025
53	3	0.000038
53	4	0.000087
53	5	0.000137
53	6	0.000150
53	7	0.000163
53	8	0.000153
53	9	0.000143
53	10	0.000276
53	11	0.000410
53	12	0.000449
53	13	0.000489
53	14	0.000388
53	15	0.000287
53	16	0.000473
53	17	0.000659
53	18	0.000660
53	19	0.000661
53	20	0.000480
53	21	0.000298
53	22	0.000414
53	23	0.000531
53	24	0.000506
53	25	0.000481
53	26	0.000361
53	27	0.000241
53	28	0.000361
53	29	0.000481
53	30	0.000506
53	31	0.000531
53	32	0.000414
53	33	0.000298
53	34	0.000480
53	35	0.000661
53	36	0.000660
53	37	0.000659
53	38	0.000473
53	39	0.000287
53	40	0.000388
53	41	0.000489
53	42	0.000449
53	43	0.000410
53	44	0.000276
53	45	0.000143
53	46	0.000153
53	47	0.000163
53	48	0.000150
53	49	0.000137
53	50	0.000087
53	51	0.000038
53	52	0.000025
53	53	0.000013
52	53	0.000028
51	53	0.000042
50	53	0.000098
49	53	0.000154
48	53	0.000177
47	53	0.000200
46	53	0.000203
45	53	0.000205
44	53	0.000412
43	53	0.000619
42	53	0.000687
41	53	0.000755
40	53	0.000626
39	53	0.000498
38	53	0.000867
37	53	0.001236
36	53	0.001272
35	53	0.001308
34	53	0.001012
33	53	0.000715
32	53	0.001134
31	53	0.001553
30	53	0.001589
29	53	0.001624
28	53	0.001405
27	53	0.001187
26	53	0.002154
25	53	0.003122
24	53	0.003402
23	53	0.003682
22	53	0.002950
21	53	0.002219
20	53	0.003707
19	53	0.005195
18	53	0.005218
17	53	0.005241
16	53	0.003778
15	53	0.002315
14	53	0.003167
13	53	0.004019
12	53	0.003698
11	53	0.003376
10	53	0.002280
9	53	0.001183
8	53	0.001270
7	53	0.001356
6	53	0.001254
5	53	0.001152
4	53	0.000734
3	53	0.000316
2	53	0.000214
1	53	0.000112
1	52	0.000233
1	51	0.000355
1	50	0.000830
1	49	0.001306
1	48	0.001504
1	47	0.001702
1	46	0.001725
1	45	0.001747
1	44	0.003517
1	43	0.005286
1	42	0.005862
1	41	0.006438
1	40	0.005311
1	39	0.004184
1	38	0.007241
1	37	0.010298
1	36	0.010498
1	35	0.010697
1	34	0.007958
1	33	0.005220
1	32	0.007702
1	31	0.010184
1	30	0.009749
1	29	0.009314
1	28	0.006985
1	27	0.004657
1	26	0.006985
1	25	0.009314
1	24	0.009749
1	23	0.010184
1	22	0.007702
1	21	0.005220
1	20	0.007958
1	19	0.010697
1	18	0.010498
1	17	0.010298
1	16	0.007241
1	15	0.004184
1	14	0.005311
1	13	0.006438
1	12	0.005862
1	11	0.005286
1	10	0.003517
1	9	0.001747
1	8	0.001725
1	7	0.001702
1	6	0.001504
1	5	0.001306
1	4	0.000830
1	3	0.000355
1	2	0.000233
3	2	0.000316
5	2	0.002619
7	2	0.002901
9	2	0.001183
11	2	0.007528
13	2	0.009212
15	2	0.002315
17	2	0.011967
19	2	0.011854
21	2	0.002219
23	2	0.008375
25	2	0.006931
27	2	0.001187
29	2	0.003504
31	2	0.003490
33	2	0.000715
35	2	0.002948
37	2	0.002806
39	2	0.000498
41	2	0.001706
43	2	0.001376
45	2	0.000205
47	2	0.000421
49	2	0.000342
51	2	0.000042
52	3	0.000038
52	5	0.000312
52	7	0.000347
52	9	0.000143
52	11	0.000913
52	13	0.001118
52	15	0.000287
52	17	0.001504
52	19	0.001505
52	21	0.000298
52	23	0.001203
52	25	0.001058
52	27	0.000241
52	29	0.001058
52	31	0.001203
52	33	0.000298
52	35	0.001505
52	37	0.001504
52	39	0.000287
52	41	0.001118
52	43	0.000913
52	45	0.000143
52	47	0.000347
52	49	0.000312
52	51	0.000038
51	52	0.000042
49	52	0.000342
47	52	0.000421
45	52	0.000205
43	52	0.001376
41	52	0.001706
39	52	0.000498
37	52	0.002806
35	52	0.002948
33	52	0.000715
31	52	0.003490
29	52	0.003504
27	52	0.001187
25	52	0.006931
23	52	0.008375
21	52	0.002219
19	52	0.011854
17	52	0.011967
15	52	0.002315
13	52	0.009212
11	52	0.007528
9	52	0.001183
7	52	0.002901
5	52	0.002619
3	52	0.000316
2	51	0.000355
2	49	0.002891
2	47	0.003580
2	45	0.001747
2	43	0.011766
2	41	0.014580
2	39	0.004184
2	37	0.023454
2	35	0.024331
2	33	0.005220
2	31	0.023284
2	29	0.020521
2	27	0.004657
2	25	0.020521
2	23	0.023284
2	21	0.005220
2	19	0.024331
2	17	0.023454
2	15	0.004184
2	13	0.014580
2	11	0.011766
2	9	0.001747
2	7	0.003580
2	5	0.002891
2	3	0.000355
4	3	0.004087
5	3	0.004087
6	3	0.004266
7	3	0.004446
8	3	0.004446
10	3	0.011680
11	3	0.011680
12	3	0.013043
13	3	0.014405
14	3	0.014405
16	3	0.018694
17	3	0.018694
18	3	0.018603
19	3	0.018513
20	3	0.018513
22	3	0.013069
23	3	0.013069
24	3	0.011904
25	3	0.010740
26	3	0.010740
28	3	0.005383
29	3	0.005383
30	3	0.005405
31	3	0.005427
32	3	0.005427
34	3	0.004587
35	3	0.004587
36	3	0.004482
37	3	0.004376
38	3	0.004376
40	3	0.002657
41	3	0.002657
42	3	0.002395
43	3	0.002134
44	3	0.002134
46	3	0.000643
47	3	0.000643
48	3	0.000586
49	3	0.000529
50	3	0.000529
51	4	0.000487
51	5	0.000487
51	6	0.000509
51	7	0.000532
51	8	0.000532
51	10	0.001416
51	11	0.001416
51	12	0.001582
51	13	0.001748
51	14	0.001748
51	16	0.002348
51	17	0.002348
51	18	0.002349
51	19	0.002349
51	20	0.002349
51	22	0.001875
51	23	0.001875
51	24	0.001755
51	25	0.001635
51	26	0.001635
51	28	0.001635
51	29	0.001635
51	30	0.001755
51	31	0.001875
51	32	0.001875
51	34	0.002349
51	35	0.002349
51	36	0.002349
51	37	0.002348
51	38	0.002348
51	40	0.001748
51	41	0.001748
51	42	0.001582
51	43	0.001416
51	44	0.001416
51	46	0.000532
51	47	0.000532
51	48	0.000509
51	49	0.000487
51	50	0.000487
50	51	0.000529
49	51	0.000529
48	51	0.000586
47	51	0.000643
46	51	0.000643
44	51	0.002134
43	51	0.002134
42	51	0.002395
41	51	0.002657
40	51	0.002657
38	51	0.004376
37	51	0.004376
36	51	0.004482
35	51	0.004587
34	51	0.004587
32	51	0.005427
31	51	0.005427
30	51	0.005405
29	51	0.005383
28	51	0.005383
26	51	0.010740
25	51	0.010740
24	51	0.011904
23	51	0.013069
22	51	0.013069
20	51	0.018513
19	51	0.018513
18	51	0.018603
17	51	0.018694
16	51	0.018694
14	51	0.014405
13	51	0.014405
12	51	0.013043
11	51	0.011680
10	51	0.011680
8	51	0.004446
7	51	0.004446
6	51	0.004266
5	51	0.004087
4	51	0.004087
3	50	0.004475
3	49	0.004475
3	48	0.004966
3	47	0.005457
3	46	0.005457
3	44	0.018245
3	43	0.018245
3	42	0.020483
3	41	0.022721
3	40	0.022721
3	38	0.036610
3	37	0.036610
3	36	0.037288
3	35	0.037966
3	34	0.037966
3	32	0.036384
3	31	0.036384
3	30	0.034056
3	29	0.031728
3	28	0.031728
3	26	0.031728
3	25	0.031728
3	24	0.034056
3	23	0.036384
3	22	0.036384
3	20	0.037966
3	19	0.037966
3	18	0.037288
3	17	0.036610
3	16	0.036610
3	14	0.022721
3	13	0.022721
3	12	0.020483
3	11	0.018245
3	10	0.018245
3	8	0.005457
3	7	0.005457
3	6	0.004966
3	5	0.004475
3	4	0.004475
5	4	0.005375
7	4	0.006171
9	4	0.012576
11	4	0.014469
13	4	0.020961
15	4	0.033690
17	4	0.025511
19	4	0.025082
21	4	0.031511
23	4	0.018926
25	4	0.013384
27	4	0.012563
29	4	0.007239
31	4	0.007385
33	4	0.009554
35	4	0.006333
37	4	0.005840
39	4	0.006847
41	4	0.003869
43	4	0.002630
45	4	0.002162
47	4	0.000920
49	4	0.000660
50	5	0.000638
50	7	0.000740
50	9	0.001519
50	11	0.001754
50	13	0.002543
50	15	0.004140
50	17	0.003192
50	19	0.003194
50	21	0.004168
50	23	0.002668
50	25	0.002091
50	27	0.002547
50	29	0.002091
50	31	0.002668
50	33	0.004168
50	35	0.003194
50	37	0.003192
50	39	0.004140
50	41	0.002543
50	43	0.001754
50	45	0.001519
50	47	0.000740
50	49	0.000638
49	50	0.000660
47	50	0.000920
45	50	0.002162
43	50	0.002630
41	50	0.003869
39	50	0.006847
37	50	0.005840
35	50	0.006333
33	50	0.009554
31	50	0.007385
29	50	0.007239
27	50	0.012563
25	50	0.013384
23	50	0.018926
21	50	0.031511
19	50	0.025082
17	50	0.025511
15	50	0.033690
13	50	0.020961
11	50	0.014469
9	50	0.012576
7	50	0.006171
5	50	0.005375
4	49	0.005569
4	47	0.007825
4	45	0.018461
4	43	0.022487
4	41	0.033101
4	39	0.058267
4	37	0.049088
4	35	0.052278
4	33	0.075143
4	31	0.051813
4	29	0.040606
4	27	0.049485
4	25	0.040606
4	23	0.051813
4	21	0.075143
4	19	0.052278
4	17	0.049088
4	15	0.058267
4	13	0.033101
4	11	0.022487
4	9	0.018461
4	7	0.007825
4	5	0.005569
5	5	0.006663
6	5	0.007279
7	5	0.007895
8	5	0.010236
9	5	0.012576
10	5	0.014917
11	5	0.017258
12	5	0.022387
13	5	0.027517
14	5	0.030604
15	5	0.033690
16	5	0.033009
17	5	0.032328
18	5	0.031989
19	5	0.031651
20	5	0.031581
21	5	0.031511
22	5	0.028147
23	5	0.024784
24	5	0.020407
25	5	0.016029
26	5	0.014296
27	5	0.012563
28	5	0.010830
29	5	0.009096
30	5	0.009220
31	5	0.009344
32	5	0.009449
33	5	0.009554
34	5	0.008816
35	5	0.008079
36	5	0.007691
37	5	0.007304
38	5	0.007076
39	5	0.006847
40	5	0.005964
41	5	0.005082
42	5	0.004104
43	5	0.003126
44	5	0.002644
45	5	0.002162
46	5	0.001680
47	5	0.001198
48	5	0.000994
49	5	0.000790
49	6	0.000869
49	7	0.000947
49	8	0.001233
49	9	0.001519
49	10	0.001805
49	11	0.002091
49	12	0.002715
49	13	0.003339
49	14	0.003739
49	15	0.004140
49	16	0.004088
49	17	0.004036
49	18	0.004037
49	19	0.004038
49	20	0.004103
49	21	0.004168
49	22	0.003814
49	23	0.003460
49	24	0.003004
49	25	0.002547
49	26	0.002547
49	27	0.002547
49	28	0.002547
49	29	0.002547
49	30	0.003004
49	31	0.003460
49	32	0.003814
49	33	0.004168
49	34	0.004103
49	35	0.004038
49	36	0.004037
49	37	0.004036
49	38	0.004088
49	39	0.004140
49	40	0.003739
49	41	0.003339
49	42	0.002715
49	43	0.002091
49	44	0.001805
49	45	0.001519
49	46	0.001233
49	47	0.000947
49	48	0.000869
49	49	0.000790
48	49	0.000994
47	49	0.001198
46	49	0.001680
45	49	0.002162
44	49	0.002644
43	49	0.003126
42	49	0.004104
41	49	0.005082
40	49	0.005964
39	49	0.006847
38	49	0.007076
37	49	0.007304
36	49	0.007691
35	49	0.008079
34	49	0.008816
33	49	0.009554
32	49	0.009449
31	49	0.009344
30	49	0.009220
29	49	0.009096
28	49	0.010830
27	49	0.012563
26	49	0.014296
25	49	0.016029
24	49	0.020407
23	49	0.024784
22	49	0.028147
21	49	0.031511
20	49	0.031581
19	49	0.031651
18	49	0.031989
17	49	0.032328
16	49	0.033009
15	49	0.033690
14	49	0.030604
13	49	0.027517
12	49	0.022387
11	49	0.017258
10	49	0.014917
9	49	0.012576
8	49	0.010236
7	49	0.007895
6	49	0.007279
5	49	0.006663
5	48	0.008428
5	47	0.010194
5	46	0.014328
5	45	0.018461
5	44	0.022595
5	43	0.026729
5	42	0.035104
5	41	0.043480
5	40	0.050873
5	39	0.058267
5	38	0.059916
5	37	0.061566
5	36	0.064078
5	35	0.066591
5	34	0.070867
5	33	0.075143
5	32	0.071192
5	31	0.067242
5	30	0.058363
5	29	0.049485
5	28	0.049485
5	27	0.049485
5	26	0.049485
5	25	0.049485
5	24	0.058363
5	23	0.067242
5	22	0.071192
5	21	0.075143
5	20	0.070867
5	19	0.066591
5	18	0.064078
5	17	0.061566
5	16	0.059916
5	15	0.058267
5	14	0.050873
5	13	0.043480
5	12	0.035104
5	11	0.026729
5	10	0.022595
5	9	0.018461
5	8	0.014328
5	7	0.010194
5	6	0.008428
7	6	0.007895
9	6	0.012576
11	6	0.017258
13	6	0.036116
15	6	0.037459
17	6	0.038801
19	6	0.037952
21	6	0.034804
23	6	0.031656
25	6	0.016029
27	6	0.012563
29	6	0.009096
31	6	0.011322
33	6	0.010397
35	6	0.009473
37	6	0.008610
39	6	0.007500
41	6	0.006390
43	6	0.003126
45	6	0.002162
47	6	0.001198
48	7	0.000947
48	9	0.001519
48	11	0.002091
48	13	0.004357
48	15	0.004592
48	17	0.004827
48	19	0.004819
48	21	0.004587
48	23	0.004355
48	25	0.002547
48	27	0.002547
48	29	0.002547
48	31	0.004355
48	33	0.004587
48	35	0.004819
48	37	0.004827
48	39	0.004592
48	41	0.004357
48	43	0.002091
48	45	0.001519
48	47	0.000947
47	48	0.001198
45	48	0.002162
43	48	0.003126
41	48	0.006390
39	48	0.007500
37	48	0.008610
35	48	0.009473
33	48	0.010397
31	48	0.011322
29	48	0.009096
27	48	0.012563
25	48	0.016029
23	48	0.031656
21	48	0.034804
19	48	0.037952
17	48	0.038801
15	48	0.037459
13	48	0.036116
11	48	0.017258
9	48	0.012576
7	48	0.007895
6	47	0.010194
6	45	0.018461
6	43	0.026729
6	41	0.054841
6	39	0.064011
6	37	0.073180
6	35	0.079140
6	33	0.083369
6	31	0.087599
6	29	0.049485
6	27	0.049485
6	25	0.049485
6	23	0.087599
6	21	0.083369
6	19	0.079140
6	17	0.073180
6	15	0.064011
6	13	0.054841
6	11	0.026729
6	9	0.018461
6	7	0.010194
12	7	0.044714
13	7	0.044714
14	7	0.042971
15	7	0.041227
16	7	0.043251
17	7	0.045275
18	7	0.044764
19	7	0.044252
20	7	0.041175
21	7	0.038097
22	7	0.038313
23	7	0.038529
24	7	0.038529
30	7	0.013299
31	7	0.013299
32	7	0.012270
33	7	0.011240
34	7	0.011054
35	7	0.010868
36	7	0.010392
37	7	0.009917
38	7	0.009035
39	7	0.008154
40	7	0.007926
41	7	0.007698
42	7	0.007698
47	12	0.005376
47	13	0.005376
47	14	0.005210
47	15	0.005044
47	16	0.005331
47	17	0.005618
47	18	0.005609
47	19	0.005600
47	20	0.005303
47	21	0.005006
47	22	0.005128
47	23	0.005250
47	24	0.005250
47	30	0.005250
47	31	0.005250
47	32	0.005128
47	33	0.005006
47	34	0.005303
47	35	0.005600
47	36	0.005609
47	37	0.005618
47	38	0.005331
47	39	0.005044
47	40	0.005210
47	41	0.005376
47	42	0.005376
42	47	0.007698
41	47	0.007698
40	47	0.007926
39	47	0.008154
38	47	0.009035
37	47	0.009917
36	47	0.010392
35	47	0.010868
34	47	0.011054
33	47	0.011240
32	47	0.012270
31	47	0.013299
30	47	0.013299
24	47	0.038529
23	47	0.038529
22	47	0.038313
21	47	0.038097
20	47	0.041175
19	47	0.044252
18	47	0.044764
17	47	0.045275
16	47	0.043251
15	47	0.041227
14	47	0.042971
13	47	0.044714
12	47	0.044714
7	42	0.066203
7	41	0.066203
7	40	0.067979
7	39	0.069755
7	38	0.077275
7	37	0.084795
7	36	0.088242
7	35	0.091690
7	34	0.091643
7	33	0.091596
7	32	0.099776
7	31	0.107955
7	30	0.107955
7	24	0.107955
7	23	0.107955
7	22	0.099776
7	21	0.091596
7	20	0.091643
7	19	0.091690
7	18	0.088242
7	17	0.084795
7	16	0.077275
7	15	0.069755
7	14	0.067979
7	13	0.066203
7	12	0.066203
13	8	0.055057
15	8	0.041227
17	8	0.054285
19	8	0.053119
21	8	0.038097
23	8	0.045616
31	8	0.016306
33	8	0.011240
35	8	0.012552
37	8	0.011628
39	8	0.008154
41	8	0.008778
46	13	0.006560
46	15	0.005044
46	17	0.006704
46	19	0.006668
46	21	0.005006
46	23	0.006267
46	31	0.006267
46	33	0.005006
46	35	0.006668
46	37	0.006704
46	39	0.005044
46	41	0.006560
41	46	0.008778
39	46	0.008154
37	46	0.011628
35	46	0.012552
33	46	0.011240
31	46	0.016306
23	46	0.045616
21	46	0.038097
19	46	0.053119
17	46	0.054285
15	46	0.041227
13	46	0.055057
8	41	0.075788
8	39	0.069755
8	37	0.100482
8	35	0.107733
8	33	0.091596
8	31	0.136492
8	23	0.136492
8	21	0.091596
8	19	0.107733
8	17	0.100482
8	15	0.069755
8	13	0.075788
12	9	0.065399
13	9	0.065399
14	9	0.065399
16	9	0.063294
17	9	0.063294
18	9	0.062640
19	9	0.061986
20	9	0.061986
22	9	0.052704
23	9	0.052704
24	9	0.052704
30	9	0.019313
31	9	0.019313
32	9	0.019313
34	9	0.014236
35	9	0.014236
36	9	0.013788
37	9	0.013340
38	9	0.013340
40	9	0.009858
41	9	0.009858
42	9	0.009858
45	12	0.007744
45	13	0.007744
45	14	0.007744
45	16	0.007791
45	17	0.007791
45	18	0.007764
45	19	0.007737
45	20	0.007737
45	22	0.007284
45	23	0.007284
45	24	0.007284
45	30	0.007284
45	31	0.007284
45	32	0.007284
45	34	0.007737
45	35	0.007737
45	36	0.007764
45	37	0.007791
45	38	0.007791
45	40	0.007744
45	41	0.007744
45	42	0.007744
42	45	0.009858
41	45	0.009858
40	45	0.009858
38	45	0.013340
37	45	0.013340
36	45	0.013788
35	45	0.014236
34	45	0.014236
32	45	0.019313
31	45	0.019313
30	45	0.019313
24	45	0.052704
23	45	0.052704
22	45	0.052704
20	45	0.061986
19	45	0.061986
18	45	0.062640
17	45	0.063294
16	45	0.063294
14	45	0.065399
13	45	0.065399
12	45	0.065399
9	42	0.085374
9	41	0.085374
9	40	0.085374
9	38	0.116170
9	37	0.116170
9	36	0.119973
9	35	0.123776
9	34	0.123776
9	32	0.165029
9	31	0.165029
9	30	0.165029
9	24	0.165029
9	23	0.165029
9	22	0.165029
9	20	0.123776
9	19	0.123776
9	18	0.119973
9	17	0.116170
9	16	0.116170
9	14	0.085374
9	13	0.085374
9	12	0.085374
13	10	0.075742
15	10	0.088776
17	10	0.072958
19	10	0.070198
21	10	0.075284
23	10	0.059792
31	10	0.022320
33	10	0.023204
35	10	0.016367
37	10	0.014604
39	10	0.014149
41	10	0.010939
44	13	0.008928
44	15	0.010544
44	17	0.008904
44	19	0.008779
44	21	0.009961
44	23	0.008301
44	31	0.008301
44	33	0.009961
44	35	0.008779
44	37	0.008904
44	39	0.010544
44	41	0.008928
41	44	0.010939
39	44	0.014149
37	44	0.014604
35	44	0.016367
33	44	0.023204
31	44	0.022320
23	44	0.059792
21	44	0.075284
19	44	0.070198
17	44	0.072958
15	44	0.088776
13	44	0.075742
10	41	0.094959
10	39	0.124182
10	37	0.128054
10	35	0.143623
10	33	0.204815
10	31	0.193565
10	23	0.193565
10	21	0.204815
10	19	0.143623
10	17	0.128054
10	15	0.124182
10	13	0.094959
12	11	0.086085
13	11	0.086085
14	11	0.087430
15	11	0.088776
16	11	0.085699
17	11	0.082622
18	11	0.080516
19	11	0.078411
20	11	0.076848
21	11	0.075284
22	11	0.071082
23	11	0.066880
24	11	0.066880
30	11	0.025327
31	11	0.025327
32	11	0.024265
33	11	0.023204
34	11	0.020851
35	11	0.018499
36	11	0.017184
37	11	0.015868
38	11	0.015009
39	11	0.014149
40	11	0.013084
41	11	0.012019
42	11	0.012019
43	12	0.010112
43	13	0.010112
43	14	0.010328
43	15	0.010544
43	16	0.010281
43	17	0.010017
43	18	0.009919
43	19	0.009821
43	20	0.009891
43	21	0.009961
43	22	0.009640
43	23	0.009318
43	24	0.009318
43	30	0.009318
43	31	0.009318
43	32	0.009640
43	33	0.009961
43	34	0.009891
43	35	0.009821
43	36	0.009919
43	37	0.010017
43	38	0.010281
43	39	0.010544
43	40	0.010328
43	41	0.010112
43	42	0.010112
42	43	0.012019
41	43	0.012019
40	43	0.013084
39	43	0.014149
38	43	0.015009
37	43	0.015868
36	43	0.017184
35	43	0.018499
34	43	0.020851
33	43	0.023204
32	43	0.024265
31	43	0.025327
30	43	0.025327
24	43	0.066880
23	43	0.066880
22	43	0.071082
21	43	0.075284
20	43	0.076848
19	43	0.078411
18	43	0.080516
17	43	0.082622
16	43	0.085699
15	43	0.088776
14	43	0.087430
13	43	0.086085
12	43	0.086085
11	42	0.104545
11	41	0.104545
11	40	0.114364
11	39	0.124182
11	38	0.132060
11	37	0.139938
11	36	0.151704
11	35	0.163469
11	34	0.184142
11	33	0.204815
11	32	0.213458
11	31	0.222102
11	30	0.222102
11	24	0.222102
11	23	0.222102
11	22	0.213458
11	21	0.204815
11	20	0.184142
11	19	0.163469
11	18	0.151704
11	17	0.139938
11	16	0.132060
11	15	0.124182
11	14	0.114364
11	13	0.104545
11	12	0.104545
13	12	0.095082
15	12	0.093198
17	12	0.091315
19	12	0.086081
21	12	0.077923
23	12	0.069766
25	12	0.066604
27	12	0.055337
29	12	0.044071
31	12	0.029396
33	12	0.024494
35	12	0.019593
37	12	0.016677
39	12	0.014355
41	12	0.012034
42	13	0.011080
42	15	0.011023
42	17	0.010966
42	19	0.010694
42	21	0.010354
42	23	0.010013
42	25	0.011160
42	27	0.011160
42	29	0.011160
42	31	0.010013
42	33	0.010354
42	35	0.010694
42	37	0.010966
42	39	0.011023
42	41	0.011080
41	42	0.012034
39	42	0.014355
37	42	0.016677
35	42	0.019593
33	42	0.024494
31	42	0.029396
29	42	0.044071
27	42	0.055337
25	42	0.066604
23	42	0.069766
21	42	0.077923
19	42	0.086081
17	42	0.091315
15	42	0.093198
13	42	0.095082
12	41	0.104312
12	39	0.126123
12	37	0.147935
12	35	0.174408
12	33	0.216845
12	31	0.259281
12	29	0.359376
12	27	0.359376
12	25	0.359376
12	23	0.259281
12	21	0.216845
12	19	0.174408
12	17	0.147935
12	15	0.126123
12	13	0.104312
13	13	0.104078
14	13	0.100849
15	13	0.097621
16	13	0.098814
17	13	0.100007
18	13	0.096879
19	13	0.093751
20	13	0.087156
21	13	0.080562
22	13	0.076607
23	13	0.072652
24	13	0.069628
25	13	0.066604
26	13	0.060971
27	13	0.055337
28	13	0.049704
29	13	0.044071
30	13	0.038767
31	13	0.033464
32	13	0.029625
33	13	0.025785
34	13	0.023236
35	13	0.020687
36	13	0.019086
37	13	0.017486
38	13	0.016023
39	13	0.014561
40	13	0.013305
41	13	0.012049
41	14	0.011775
41	15	0.011502
41	16	0.011708
41	17	0.011914
41	18	0.011740
41	19	0.011567
41	20	0.011156
41	21	0.010746
41	22	0.010727
41	23	0.010709
41	24	0.010934
41	25	0.011160
41	26	0.011160
41	27	0.011160
41	28	0.011160
41	29	0.011160
41	30	0.010934
41	31	0.010709
41	32	0.010727
41	33	0.010746
41	34	0.011156
41	35	0.011567
41	36	0.011740
41	37	0.011914
41	38	0.011708
41	39	0.011502
41	40	0.011775
41	41	0.012049
40	41	0.013305
39	41	0.014561
38	41	0.016023
37	41	0.017486
36	41	0.019086
35	41	0.020687
34	41	0.023236
33	41	0.025785
32	41	0.029625
31	41	0.033464
30	41	0.038767
29	41	0.044071
28	41	0.049704
27	41	0.055337
26	41	0.060971
25	41	0.066604
24	41	0.069628
23	41	0.072652
22	41	0.076607
21	41	0.080562
20	41	0.087156
19	41	0.093751
18	41	0.096879
17	41	0.100007
16	41	0.098814
15	41	0.097621
14	41	0.100849
13	41	0.104078
13	40	0.116071
13	39	0.128064
13	38	0.141997
13	37	0.155931
13	36	0.170639
13	35	0.185347
13	34	0.207111
13	33	0.228875
13	32	0.262668
13	31	0.296461
13	30	0.327919
13	29	0.359376
13	28	0.359376
13	27	0.359376
13	26	0.359376
13	25	0.359376
13	24	0.327919
13	23	0.296461
13	22	0.262668
13	21	0.228875
13	20	0.207111
13	19	0.185347
13	18	0.170639
13	17	0.155931
13	16	0.141997
13	15	0.128064
13	14	0.116071
15	14	0.097621
17	14	0.113022
19	14	0.104887
21	14	0.080562
23	14	0.074606
25	14	0.069214
27	14	0.055337
29	14	0.043740
31	14	0.036069
33	14	0.025785
35	14	0.020833
37	14	0.018155
39	14	0.014561
40	15	0.011502
40	17	0.013242
40	19	0.012676
40	21	0.010746
40	23	0.011160
40	25	0.011386
40	27	0.011160
40	29	0.011386
40	31	0.011160
40	33	0.010746
40	35	0.012676
40	37	0.013242
40	39	0.011502
39	40	0.014561
37	40	0.018155
35	40	0.020833
33	40	0.025785
31	40	0.036069
29	40	0.043740
27	40	0.055337
25	40	0.069214
23	40	0.074606
21	40	0.080562
19	40	0.104887
17	40	0.113022
15	40	0.097621
14	39	0.128064
14	37	0.163153
14	35	0.189231
14	33	0.228875
14	31	0.335977
14	29	0.390834
14	27	0.359376
14	25	0.390834
14	23	0.335977
14	21	0.228875
14	19	0.189231
14	17	0.163153
14	15	0.128064
16	15	0.126036
17	15	0.126036
18	15	0.121029
19	15	0.116023
20	15	0.116023
22	15	0.076560
23	15	0.076560
24	15	0.074192
25	15	0.071824
26	15	0.071824
28	15	0.043410
29	15	0.043410
30	15	0.041042
31	15	0.038674
32	15	0.038674
34	15	0.020979
35	15	0.020979
36	15	0.019902
37	15	0.018825
38	15	0.018825
39	16	0.014570
39	17	0.014570
39	18	0.014178
39	19	0.013786
39	20	0.013786
39	22	0.011611
39	23	0.011611
39	24	0.011611
39	25	0.011611
39	26	0.011611
39	28	0.011611
39	29	0.011611
39	30	0.011611
39	31	0.011611
39	32	0.011611
39	34	0.013786
39	35	0.013786
39	36	0.014178
39	37	0.014570
39	38	0.014570
38	39	0.018825
37	39	0.018825
36	39	0.019902
35	39	0.020979
34	39	0.020979
32	39	0.038674
31	39	0.038674
30	39	0.041042
29	39	0.043410
28	39	0.043410
26	39	0.071824
25	39	0.071824
24	39	0.074192
23	39	0.076560
22	39	0.076560
20	39	0.116023
19	39	0.116023
18	39	0.121029
17	39	0.126036
16	39	0.126036
15	38	0.170375
15	37	0.170375
15	36	0.181745
15	35	0.193115
15	34	0.193115
15	32	0.375492
15	31	0.375492
15	30	0.398892
15	29	0.422291
15	28	0.422291
15	26	0.422291
15	25	0.422291
15	24	0.398892
15	23	0.375492
15	22	0.375492
15	20	0.193115
15	19	0.193115
15	18	0.181745
15	17	0.170375
15	16	0.170375
17	16	0.144057
19	16	0.122152
21	16	0.106742
23	16	0.080881
25	16	0.072066
27	16	0.059897
29	16	0.045448
31	16	0.038912
33	16	0.031287
35	16	0.022203
37	16	0.018418
38	17	0.016291
38	19	0.014504
38	21	0.013868
38	23	0.012063
38	25	0.011837
38	27	0.012063
38	29	0.011837
38	31	0.012063
38	33	0.013868
38	35	0.014504
38	37	0.016291
37	38	0.018418
35	38	0.022203
33	38	0.031287
31	38	0.038912
29	38	0.045448
27	38	0.059897
25	38	0.072066
23	38	0.080881
21	38	0.106742
19	38	0.122152
17	38	0.144057
16	37	0.166227
16	35	0.208368
16	33	0.315673
16	31	0.391608
16	29	0.477149
16	27	0.766003
16	25	0.477149
16	23	0.391608
16	21	0.315673
16	19	0.208368
16	17	0.166227
17	17	0.162079
18	17	0.145180
19	17	0.128281
20	17	0.117512
21	17	0.106742
22	17	0.095973
23	17	0.085203
24	17	0.078756
25	17	0.072308
26	17	0.066102
27	17	0.059897
28	17	0.053691
29	17	0.047485
30	17	0.043317
31	17	0.039149
32	17	0.035218
33	17	0.031287
34	17	0.027357
35	17	0.023426
36	17	0.020718
37	17	0.018011
37	18	0.016616
37	19	0.015222
37	20	0.014545
37	21	0.013868
37	22	0.013191
37	23	0.012514
37	24	0.012288
37	25	0.012063
37	26	0.012063
37	27	0.012063
37	28	0.012063
37	29	0.012063
37	30	0.012288
37	31	0.012514
37	32	0.013191
37	33	0.013868
37	34	0.014545
37	35	0.015222
37	36	0.016616
37	37	0.018011
36	37	0.020718
35	37	0.023426
34	37	0.027357
33	37	0.031287
32	37	0.035218
31	37	0.039149
30	37	0.043317
29	37	0.047485
28	37	0.053691
27	37	0.059897
26	37	0.066102
25	37	0.072308
24	37	0.078756
23	37	0.085203
22	37	0.095973
21	37	0.106742
20	37	0.117512
19	37	0.128281
18	37	0.145180
17	37	0.162079
17	36	0.192850
17	35	0.223622
17	34	0.269647
17	33	0.315673
17	32	0.361698
17	31	0.407724
17	30	0.469865
17	29	0.532006
17	28	0.649005
17	27	0.766003
17	26	0.649005
17	25	0.532006
17	24	0.469865
17	23	0.407724
17	22	0.361698
17	21	0.315673
17	20	0.269647
17	19	0.223622
17	18	0.192850
19	18	0.128281
21	18	0.106742
23	18	0.085203
25	18	0.072308
27	18	0.059897
29	18	0.047485
31	18	0.039149
33	18	0.031287
35	18	0.023426
36	19	0.015222
36	21	0.013868
36	23	0.012514
36	25	0.012063
36	27	0.012063
36	29	0.012063
36	31	0.012514
36	33	0.013868
36	35	0.015222
35	36	0.023426
33	36	0.031287
31	36	0.039149
29	36	0.047485
27	36	0.059897
25	36	0.072308
23	36	0.085203
21	36	0.106742
19	36	0.128281
18	35	0.223622
18	33	0.315673
18	31	0.407724
18	29	0.532006
18	27	1.000000
18	25	0.532006
18	23	0.407724
18	21	0.315673
18	19	0.223622
